1.0 hand -0.03206048 0.11383432 -2.1734672e-19 0.11356915111050059 0.03198579502829822 0.99301508388969
2.0 hand -0.03079648 0.11315751 2.17338269e-19 0.11289830880244489 0.03072593953863904 0.9931313551132175
3.0 hand -0.03607165 0.10324654 2.1727331e-19 0.10304084068266105 0.0359997801786069 0.9940254528826223
4.0 hand -0.03828754 0.0952674 0. 0.09510010841324368 0.038220304335864 0.9947337220162304
5.0 hand -0.05271738 0.09997317 -2.17302768e-19 0.09976046553404831 0.05260521808615839 0.9936199175472167
6.0 hand -0.04568503 0.09901011 -2.17270741e-19 0.09881401494555085 0.04559455424959357 0.9940608266464992
7.0 hand -0.03820304 0.11097288 2.17339045e-19 0.11071828671590953 0.03811540081065917 0.9931206760548974
8.0 hand -0.03438959 0.12136698 0. 0.12104535510773562 0.03429846267493803 0.9920542512710573
9.0 hand -0.03962803 0.11431195 0. 0.11403327588698788 0.039531427154256636 0.9926901219704112
10.0 hand -0.07067931 0.11038168 0. 0.11006589993344242 0.07047710897245221 0.9914224502111734
11.0 hand -0.07231155 0.10880059 0. 0.1084913807015501 0.07210604187398832 0.9914788646455042
12.0 hand -0.05812208 0.11425259 0. 0.11393995041765029 0.057963037961540585 0.9917953286485536
13.0 hand -0.05816645 0.11440732 0. 0.11409348980797178 0.05800688818457704 0.9917751138774255
14.0 hand -0.07774084 0.11118608 4.35014118e-19 0.11084531063912842 0.0775025726752723 0.9908111163779044
15.0 hand -0.04845806 0.11872607 2.17435866e-19 0.11840094916376213 0.04832536439822302 0.9917892288147211
16.0 hand -0.06478992 0.11967154 -4.35022324e-19 0.11930251618852561 0.06459013580853971 0.9907547749000865
17.0 hand -0.07752027 0.11745207 0. 0.11706477288805792 0.07726464571746411 0.9901141416376307
18.0 hand -0.06397546 0.11952507 0. 0.11915927672645937 0.06377967551091078 0.9908245151194787
19.0 hand -0.06696101 0.12157648 4.35076454e-19 0.12118650658194965 0.06674622453111806 0.9903831441080289
20.0 hand -0.07523959 0.12061543 0. 0.12020958732260748 0.07498642847873759 0.9899124661603831
21.0 hand -0.0735051 0.12178402 -4.3514687e-19 0.12137372872700848 0.07325746292394102 0.9898998747857533
22.0 hand -0.07617204 0.12210842 0. 0.1216873235089031 0.07590935436843016 0.9896615407383514
23.0 hand -0.05607601 0.12367401 0. 0.12329427664891138 0.055903832605231976 0.9907942686782498
24.0 hand -0.05395215 0.1236906 4.34999906e-19 0.12331553270815983 0.05378855078426836 0.9909087098201483
25.0 hand -0.04917114 0.1235672 -4.34961906e-19 0.12320327611356244 0.04902632032756884 0.9911696992291602
26.0 hand -0.05017719 0.12200022 0. 0.12164669380520671 0.05003178988685786 0.9913117077322247
27.0 hand -0.05235608 0.1207189 0. 0.12037084757837643 0.05220512293554576 0.9913553773458577
28.0 hand -0.09450839 0.11309473 4.35254945e-19 0.11268573064390962 0.09416660974839794 0.9891585190037748
29.0 hand -0.07096332 0.11595971 4.35019669e-19 0.11560283987147073 0.07074492231225268 0.9907730009344645
30.0 hand -0.04854013 0.12023617 -2.17449247e-19 0.11989953270351661 0.04840422985278327 0.9916053310616262
31.0 hand -0.04761457 0.12119406 0. 0.12085187559933139 0.04748013130342268 0.9915343974343671
32.0 hand -0.06122524 0.1175257 -4.34952773e-19 0.11718202997212662 0.06104620390257325 0.9912324312898045
33.0 hand -0.09129196 0.1183709 0. 0.11793054040948601 0.09095234204506186 0.9888478442688969
34.0 hand -0.0568937 0.12045223 4.34966186e-19 0.12009629912909908 0.056725579657354225 0.9911402966018641
35.0 hand -0.0543909 0.1219092 0. 0.12154745048481197 0.05422950310828186 0.9911031118270546
36.0 hand -0.05798662 0.12274769 4.35015822e-19 0.12237101325395412 0.057808669920756166 0.9907994210722944
37.0 hand -0.05452357 0.12541956 -4.35035672e-19 0.12502897147008282 0.05435377246234195 0.9906631232221401
38.0 hand -0.04677159 0.12972527 0. 0.12931451105302055 0.0466234949836107 0.9905069444212047
39.0 aruco 1.8950176742536222 -0.7484072324991446 1.2443255823709007 -0.1279344806840077 0.03233114361773448 1.1921005077866778 hand -0.04588215 0.13005814 0. 0.12964623769666672 0.04573684172318372 0.9905049188975731
40.0 aruco 2.1478996682167066 -1.2531941869016154 1.536521965130233 -0.13187090148760344 0.02583672404252344 1.5865419681743416 hand -0.04491694 0.13048966 0. 0.13007112408977495 0.04477277484633031 0.9905276251198894
41.0 aruco 2.158396036200576 -1.255834980118472 1.5414136378302252 -0.12804065435764173 0.021464166319047582 1.594044611359075 hand -0.04524712 0.13166994 0. 0.13124778134835488 0.0450991070896264 0.9905066026800284
42.0 aruco 2.075156285200896 -1.112273509882542 1.4804399609166796 -0.12625787529554352 0.02404975863779263 1.5431461990425656 hand -0.0391018 0.1356205 0. 0.13519519090078657 0.03896065418399644 0.990540163216703
43.0 aruco 2.139330945107751 -1.2555581481935995 1.5433803617263205 -0.1241957186454208 0.02235360937862082 1.583277226477464 hand -0.04096438 0.13547209 0. 0.13504128028303648 0.04082406370582236 0.9905516105801943
44.0 aruco 2.139868938582496 -1.2545630565998764 1.5424675444769074 -0.12842912591626057 0.025655194754547275 1.5821043665737564 hand -0.0455121 0.13578109 0. 0.13535431910406343 0.04536447991509281 0.990499290649704
45.0 aruco 2.1487342087778696 -1.2524526197632434 1.538701055690248 -0.1334321197373288 0.030335448432338165 1.586293865594122 hand -0.04860153 0.13553661 0. 0.13511667160094257 0.0484508773934065 0.990452430109847
46.0 aruco 2.118951021274841 -1.210847186292131 1.5163987885426918 -0.1327604031596772 0.02879550311234747 1.562772684615468 hand -0.05603332 0.13661257 0. 0.13618300247803114 0.0558680779863369 0.9902767192291921
47.0 aruco 2.101016387778309 -1.147780646648686 1.4733337875975395 -0.13043960321563495 0.021661509035604328 1.526213140047796 hand -0.05921914 0.13576043 0. 0.13533269965310457 0.059057627356009776 0.9903051115721914
48.0 aruco 2.0820345488758746 -1.1297491521879656 1.4668012458818665 -0.13321794158974815 0.02268203945439672 1.510604612414486 hand -0.0588548 0.13630775 0. 0.1358800886918941 0.05869444326284987 0.9902501258935038
49.0 aruco 2.0573621446302676 -1.1132203826687336 1.4609734980546396 -0.13531025070842084 0.021316303175679177 1.4874083539787312 hand -0.06225502 0.13465643 0. 0.1342346606807207 0.06208817916984707 0.9903240127065735
50.0 aruco 2.0779962316956813 -1.111114152542878 1.4563381998282887 -0.1313250376154285 0.020215622661117034 1.5075940506034728 hand -0.06082734 0.13294029 0. 0.1325248154298597 0.06066474073139238 0.990579115174527
51.0 aruco 2.105156369510311 -1.1200013611111557 1.4566288299626545 -0.12791245189681988 0.02216417754861776 1.5254532773950286 hand -0.05931396 0.13346958 0. 0.1330564968826374 0.05915153852598134 0.990551948523426