3 aruco 0.9894819451583208 -1.8010191901342647 0.2685616165881021 -177.93498378056225 55.61977177604118 1219.2212983389454 hand -2.164186891473671 -0.7782044480702701 0.0 280.5199307584887 108.08655391035332 1337.6211582518915
4 aruco 0.9874642368077512 -1.8021280606431238 0.2733911637914503 -177.73570479112584 55.756314430701764 1219.7694953585972 hand -2.282496358610894 -0.5977130282805084 -5.575089044591148e-16 282.6575886057548 111.48004371199606 1346.0726953496758
5 aruco 0.979151578661746 -1.795533081219882 0.2779837656033507 -177.40201444385562 55.91304041932244 1219.7656578750605 hand -2.0383754093320894 0.5913602215240199 -1.3833734088469464e-16 282.1892263014338 107.58001048831699 1343.4575216476326
6 aruco 0.9877816276644021 -1.7972902136921587 0.280018785101482 -178.26386880387167 56.21068134794077 1223.4492888252953 hand -0.6571781221862245 -2.9907825224869136 -2.141504503054152e-15 280.2674661736068 109.77787623160384 1332.6382587912956
7 aruco 0.9878436253866973 -1.7925548895872159 0.2778443838034367 -178.51313031737251 56.359898850262994 1223.1291523324614 hand -1.556701325821505 1.7119983517583934 0.0 281.3954948921682 107.14025615848787 1339.8527508091709
8 aruco 0.9954347628596886 -1.787234450574474 0.2647611562920349 -178.6387009738504 56.56293897897944 1222.3575073170225 hand -2.0198691078598396 2.035019331990807 -1.1750583584389252e-15 279.67354488843563 110.80363389617497 1331.9207942007645
9 aruco 0.875324522947763 -1.9151535077547477 0.5005545437104024 -181.54042226366118 59.02242696964303 1225.711597463947 hand -2.103403158226417 1.3244355616904133 -4.524636716871168e-16 279.69414122878754 107.14433161709536 1333.9787828701792
10 aruco 0.8673044297943852 -1.914822900015131 0.5028734193669735 -181.03132644058545 59.087940648440146 1225.2489871635637 hand -2.1089673988661346 2.0760051002795032 -1.8124817166089377e-15 278.03810758579533 109.99514390753501 1326.4577787444398
11 aruco 0.8611374273775007 -1.9183625702803324 0.5124838610749501 -180.29261679312654 58.897125147539036 1223.427725641501 hand -1.6514127286377618 1.8487763185955421 0.0 279.5923111678822 106.44093129635242 1337.40434402826
12 aruco 0.9767429494996351 -1.7978428587354929 0.27733790085135307 -176.2040595338827 56.344084566731226 1217.6791263585685 hand -1.3562890494354019 2.7883004232582738 0.0 279.04067865525604 109.92853150740837 1334.777534175146
13 aruco 0.9803551506452762 -1.8028723375941216 0.27934785229238834 -175.79557592192145 56.25809715638269 1217.876551587841 hand -1.6142436807014153 1.8459795938394261 0.0 280.3478711178184 106.72020848846908 1344.0982975082582
14 aruco 0.9868461175678108 -1.8157504671388647 0.28331955402480563 -175.81975608098188 56.46528577667423 1218.1832945199592 hand 1.426296227985928 -2.677222346443401 0.0 278.00547300498806 109.87599747818854 1330.551828578058
15 aruco 0.9881442801306406 -1.8189731879659732 0.28992984375740455 -175.26725960243928 56.68001830958911 1215.6364180358642 hand -1.8255064616965686 1.7500436453267256 0.0 279.37605391985954 106.90803973417023 1339.865102534639
16 aruco 0.9861892533317611 -1.8186111979853787 0.28520863602470553 -174.98311298902573 56.75357092180456 1215.4818476782611 hand 1.392884182489015 -2.6999055613896075 0.0 277.5479437926056 109.8652855871545 1328.783953125211
17 aruco 0.9857822427291832 -1.8141651709727902 0.2751780464966904 -174.9551849249392 56.68993300280082 1217.421338842594 hand -1.6705812620694251 1.7156513745170534 0.0 280.0789156230762 107.7677582719972 1345.4661761324612
18 aruco 0.991574737760304 -1.8145683346034622 0.2748893784813836 -175.1735438837893 56.71525047337537 1220.0054788686302 hand 1.0071442985950372 -2.804439294006801 1.0268577814286818e-15 278.1400525766224 110.63527764796048 1334.6963970763206
19 aruco 0.9954207209070576 -1.817280687796045 0.27723484608380694 -175.12341911469753 56.784607278023174 1221.0918367958964 hand -1.6724018712123243 1.7371492924286254 0.0 280.2209190535481 107.44594243258412 1348.1244670240058
20 aruco 0.9951417164810565 -1.829571294717921 0.284860011082132 -174.96826527428934 56.724600265433416 1219.0217442183666 hand -1.795659916878589 1.6641325968690628 0.0 279.42647972742037 109.37463763746818 1343.3091366909603
21 aruco 0.9909649434964887 -1.8320231067575001 0.29140495894685053 -174.68945526627522 56.62414836684561 1215.436943957383 hand -1.8458741799796987 1.6501680355400816 0.0 278.79987190502317 108.99565050716245 1340.1283201882152
22 aruco 0.9760603053675562 -1.8307638302383944 0.28890316404045197 -174.83545909980708 56.3978043883859 1213.452800244735 hand -1.9511883626154862 1.4342095693680177 0.0 278.00966395718274 108.18822504059499 1337.0483093693827
23 aruco 0.9749244686605192 -1.8258314464667154 0.2883801881961067 -175.72908329838785 56.495899214859435 1218.0924175846555 hand -1.9369147096243708 1.314711778748017 0.0 278.5366855277675 107.95331109131627 1341.6785661970894
24 aruco 0.9757218438767759 -1.8241169763012142 0.28305333082516115 -176.2826909935815 56.48442802111337 1221.5933414311737 hand -1.9235237419444517 1.3021798030407425 0.0 279.0543755706844 108.34401107439095 1344.5906555264157
25 aruco 0.9845987260087878 -1.8248888273023094 0.2925449713500372 -176.41800557941679 56.49988611198798 1223.48712323718 hand -1.917023919507528 1.2509736714273507 -3.3753319993528846e-16 280.8640562342999 108.8306783565995 1353.709541554098
26 aruco 0.9802286272519254 -1.8225816852715528 0.3056493585869911 -175.04834346922564 55.950748339153186 1218.4446101109027 hand -1.8319557077870816 1.3896972314262628 0.0 283.0645871313398 109.67850791978316 1364.0110744876317
28 aruco 0.9636698352236066 -1.822584166761056 0.32904853751463464 -174.04028050197476 54.13011664150654 1218.303375713594 hand -1.7836383290298152 0.9254239092464167 0.0 285.88048783181176 107.26345039142655 1377.1403897130303
29 aruco 0.9494913986996041 -1.8336821861622254 0.35102231517662424 -172.98250326076723 51.44343879713071 1217.9628910783033 hand -1.7613675846952705 1.007231015333913 0.0 283.5168348879059 110.9218436803073 1357.6639699790123
30 aruco 0.9254081981979309 -1.8640389055034132 0.377249258266136 -173.25711238162407 48.964972786510565 1227.4438911106388 hand -1.7448741715178464 1.0452884287520667 -1.2621063627613868e-16 282.7681433537306 109.3866935588923 1348.7852730357981
31 aruco 0.8458014487165012 -1.938350925114534 0.5106604197413476 -173.96668768876415 46.37937190632092 1237.0289445005496 hand -0.30548052808991494 -3.0703167177043404 0.0 281.5305395717539 112.18419175495637 1338.540293505358
34 aruco 0.8323911854943357 -2.049841688151467 0.5961731202128754 -173.77826347716606 34.83308953669995 1249.3110035328746 hand -1.6455213268555107 1.4429343266163628 0.0 284.1958592181181 111.22512971000229 1352.001172740759
36 aruco 0.8311846320818451 -1.998664142924098 0.6871067250673317 -167.5614259249196 18.12854065837438 1255.2460758389598 hand 0.12819561957988396 -3.080464190546183 -1.0984393927596308e-15 282.1719417160762 112.64835077427233 1337.283592891099
37 aruco 0.9435786051096302 -2.0202398830782724 0.6229680667415057 -159.9413185838795 -0.16807876688126613 1253.8481083476415 hand -1.8359475917982009 1.2731109365795552 -3.14807193509215e-16 284.1065812854509 111.73563646403652 1346.6490297619187
38 aruco 0.9458358419214451 -2.001860113205898 0.6641219186259213 -153.57121839510847 -9.301242344192682 1251.7165720240798 hand -0.14003704374716353 -2.852883805670454 -1.4085471167325467e-16 282.9342253908194 113.15512891815739 1338.549481488805
42 aruco 0.9021393632252064 -1.984336662756627 0.7245430101858927 -140.332583258688 -18.85324300289261 1244.1271340077863 hand 1.329338184621106 -2.3013156981606073 0.0 280.04114370878125 111.2950308372088 1324.4740398766091
44 aruco 0.8273533972371963 -1.9354753759059822 0.836842184826108 -125.93159044918717 -27.61528416806445 1248.61641851059 hand 1.0073949541346483 -1.6657763002690908 2.3235149392553313e-16 275.4077308884585 110.20838326594854 1300.217186200249
45 aruco 0.9069157581520308 -1.8544223942221032 0.702698117156788 -106.84812094792817 -38.87687395373149 1246.9822518524713 hand 1.130266480620984 -1.69359710853131 2.529485175521103e-16 274.7312105244956 109.6282652335646 1296.0330219292925
46 aruco 1.0698886485117793 -1.8569104190356354 0.46992437680952465 -97.15539385537204 -45.96074548246267 1242.9142416516186 hand 1.1478764323373676 -1.6862149831536695 1.2694347155837573e-16 274.9564528090021 109.73902293812942 1296.810667959211
