41 aruco 2.0429290430767675 -1.1150577553476702 1.5061512441398337 -187.1266079902247 26.344417434827193 1233.855911780833 hand -0.34946186347971436 -0.4801718123813399 0.0 190.23750234790657 45.52209561806182 1097.5709392670924
44 aruco 2.1424067484187064 -1.2662273925192054 1.5850840910949378 -179.2980679713651 24.077353865954805 1243.4285580840358 hand -0.3549416920123138 -0.42673183072383447 1.461684611172609e-17 191.04683995333173 46.144258053145855 1090.97357692738
45 aruco 2.1808527247574174 -1.2685016750039044 1.5627723145479326 -168.6210046592973 24.468906126741484 1247.6795560132375 hand -0.3216917555286209 -0.39233257181441167 7.245773746808671e-18 191.67498377188585 46.465304096684235 1078.6817779362345
46 aruco 2.143678561456622 -1.0809448707823002 1.4835883646239143 -157.4594932337005 27.679473473130333 1257.143884193061 hand -0.2549174416244384 -0.38826242150944607 0.0 192.12516166259476 47.237352398051094 1062.2238158714483
47 aruco 2.147745058569344 -1.0828542925018947 1.478218786160289 -153.92211342442315 28.00830482439555 1260.968800112306 hand -0.2334564512878185 -0.4331074342663629 -7.226973805146246e-18 194.3207973977475 47.572284515245855 1065.4886826039801
48 aruco 2.1398956479851545 -1.076791815292174 1.499132531001373 -149.68085872631832 28.40545516145025 1257.4655477286244 hand -0.21311532956197493 -0.3645506301954997 -1.787371155064385e-17 195.42791429620866 47.98761523294878 1065.2358486331975
49 aruco 2.1314668869515505 -1.0165814900288874 1.5017436540900533 -143.98524587612482 28.042829045758207 1239.3330521788948 hand -0.23035144714247846 -0.4637447741076657 -7.25895251964537e-18 198.38512204275332 48.58136784904854 1077.7773618625858
50 aruco 2.1041236383536113 -0.9983213797165831 1.536273341108839 -139.92188974075415 27.416590070807857 1235.4778297170153 hand -0.25437594817175235 -0.5519422021113852 2.2155565115503728e-17 200.54993586434912 49.14308484323116 1087.3309040566803
51 aruco 2.1592732225805005 -0.9792005786797042 1.4401674287103088 -134.45330058963205 25.652574195682956 1226.9497188256512 hand -0.34488939315943085 -0.6929437599332378 4.610072683815944e-17 203.8887899757414 49.92583517275808 1106.8976683887986
52 aruco 2.312115003467189 -1.2127878916096686 1.419313689613184 -129.62160135260152 21.502896491020483 1211.7001513172763 hand -0.3614265540149002 -0.673448787203872 3.065410255563592e-17 206.44450754018013 50.40877424872301 1126.0412567588655
53 aruco 2.399499940627302 -1.2272928009207085 1.310619372819158 -122.8287812219283 19.795272019371797 1192.6332562566706 hand -0.42586822965250537 -0.547180645442116 3.0110981069333454e-17 207.36451246201125 50.41086450181776 1137.6832124982536
54 aruco 2.4150120686646073 -1.2323211689228004 1.3130120900159812 -119.39601089132607 19.007471494493707 1187.628219098208 hand -0.4427394858719548 -0.5367081171904263 3.0128123212005313e-17 206.82435071265317 49.9497130694913 1138.178750831662
55 aruco 2.3765167283006097 -1.2009108639153157 1.4063810827068601 -118.03232585894294 18.193905483700657 1198.3815270067614 hand -0.5437105784364601 -0.580801939214546 3.091521296315844e-17 204.1711545490667 48.75256255101798 1123.4201718564266
56 aruco 2.3341697014497376 -1.149996591781825 1.4307761223895346 -115.62468619433851 17.020976393510196 1207.6434412682431 hand -0.5154510196527897 -0.7324386904589613 4.7768339938146674e-17 202.61729962174186 48.096861780758104 1114.8922777478303
57 aruco 2.3246855447175383 -1.116698813979221 1.4485863937104915 -110.55379190449806 14.820641348535874 1211.2449220896556 hand -0.5293509376359763 -0.7793946802046163 9.699270065719406e-17 202.3768384664138 47.613902162617585 1118.7391245787605
58 aruco 2.3460798133677345 -1.0658099688050202 1.3514804115739432 -105.08348665429975 13.143714574006767 1210.4493258189975 hand -0.5111200364894972 -0.7986800963055068 6.479354036673152e-17 203.6600962165811 48.1829536940216 1134.4668394606776
59 aruco 2.353759456803498 -1.0522508850390127 1.387239337859608 -101.4779835161665 12.28613326072103 1209.4558628614902 hand -0.5107856415112453 -0.7907391439699649 3.2322307219707204e-17 204.08070044635124 48.713546111381156 1147.817845340227
60 aruco 2.239769829970371 -0.9277196700767985 1.409903113143789 -99.7199494224866 14.20323042411608 1208.3100896465937 hand -0.5387884470374676 -0.7525524484115131 0.0 201.77007248696793 48.74881079305887 1142.5905754766584
61 aruco 2.2703604999456846 -0.9228976490253177 1.379173923315003 -96.66374884833648 14.21502293306672 1208.2772266628617 hand -0.5268683341121372 -0.7577173866754731 0.0 200.82306758458128 49.09368177273248 1150.395215475675
62 aruco 2.317809157495879 -0.9695642233407507 1.2823558504514507 -93.40897034893203 13.373387396065182 1203.1588479140191 hand -0.5536608748232255 -0.7851711876179157 0.0 198.48896680373431 49.03901345436905 1146.2757371066664
63 aruco 2.4517680647918696 -1.1131486112442162 1.1725700566264066 -90.18863604727171 10.679919902255198 1201.9077744185797 hand -0.5263763705536355 -0.8033454323842131 0.0 195.31136823501478 48.79793301800769 1137.013031596873
65 aruco 2.2943661934521513 -1.002643707955673 1.3376351528411743 -88.02079375685646 11.579415455608919 1208.1562514825878 hand -0.43215343740203416 -0.6965577949690522 1.5563092803875582e-17 190.67628382211032 49.0372029171043 1118.4833704907307
66 aruco 2.117788585190348 -0.8390434458065467 1.5011456912524237 -86.39336077560044 12.845028129610517 1218.0671927060919 hand -0.34831572530995675 -0.6427824668127312 3.039147613440056e-17 187.99211462242894 49.51307451275454 1110.7478605648928
67 aruco 2.1566827797170602 -0.8013703004357209 1.4852935136376284 -81.14210061712667 12.359234321789605 1215.551147534123 hand -0.312733899282656 -0.48683576139700396 1.468355028599112e-17 187.520672565502 51.05435135820863 1119.059163359049
68 aruco 2.119671033451073 -0.7795061124064577 1.5194664611633861 -77.68702974933558 14.023386258905077 1209.341256052208 hand -0.37670573342538266 -0.5490534474922405 1.4958922238369178e-17 185.44334041491257 51.44109964687885 1111.519356185722
70 aruco 2.04912467436592 -0.7531926913507434 1.6109179748360918 -71.07403253268133 15.72749203863093 1191.4746617912851 hand -0.3801545575601522 -0.6181282059065013 -1.5175016977354713e-17 183.5490076183656 52.25525692686915 1101.914193387425
71 aruco 2.10232225535685 -0.7532557623350755 1.5777451160955591 -64.45813353491953 16.134887252912158 1178.0986722542243 hand -0.3595551785098349 -0.7727382354061739 0.0 182.82180688945053 52.90241439282348 1094.879063936185
74 aruco 2.426957523124961 -0.9572844450963544 1.2765436532896515 -51.64527642858027 14.327768080964868 1163.1945932849574 hand -0.33867628018433327 -0.7601634701911667 0.0 183.31535951322155 53.57981497226111 1092.3031814506437
75 aruco 2.33293810994267 -0.9501323320672387 1.2932990172134757 -44.94954495678502 16.756641233414115 1144.8295079944858 hand -0.41342904920988993 -0.688566973776345 -1.5490217122391942e-17 184.39883256589235 53.8859318257282 1099.142644738688
76 aruco 2.361463954970617 -1.0396991908618238 1.1975164336983108 -38.9366266589686 17.841903692845513 1134.8385096153631 hand -0.4314730451300407 -0.7055597802390361 0.0 183.89808341734772 53.67150052913672 1098.2605946072617
77 aruco 2.414051765584717 -1.0867225502992788 1.0827636394856657 -38.63377055190157 18.704881620825194 1124.633349503891 hand -0.45284735295453354 -0.752114357726446 0.0 182.538098896939 53.08463723713021 1099.4658770319124
78 aruco 2.755346613471017 -1.2843392560208504 0.49012197629730664 -35.531957366319624 15.332528021644505 1128.8730907413326 hand -0.41305301453904497 -0.769434922239053 3.1624784690752046e-17 179.78658692230545 52.84543540679303 1097.3428028737055
81 aruco 2.7907424750137317 -1.2276868279328153 0.34052257634168903 -36.5601250528568 16.23069319814024 1130.0620453006122 hand -0.40595202360970234 -0.7209233895167111 3.11946677470099e-17 177.3582014821018 52.945825773334626 1097.2649360625644
82 aruco 2.8098956872843384 -1.1398822834007885 0.19321879605974387 -36.21424751383126 16.368781901094525 1124.4673216695746 hand -0.42305753758141906 -0.6733786908626803 3.091232981049032e-17 175.5356705275282 53.48781177624149 1092.8906633913084
83 aruco 2.8185165487085713 -1.037392018332636 0.08244092010897468 -37.28381366596887 15.512604738626848 1120.0538483333155 hand -0.4611940513657288 -0.6449201911832212 0.0 173.90301286701 53.090460304742486 1083.4546106524442
84 aruco 2.7780027300870014 -1.0187711176089715 -0.02397501250158776 -39.164403066367434 14.430215010260525 1118.9639874788456 hand -0.4932924597070301 -0.6380708375475705 -3.100974247661163e-17 173.1967444934162 52.640667815482736 1080.2681891381128
85 aruco 2.75585504747787 -0.9977473176547387 -0.10856062272359646 -41.26926894566681 11.967372975755902 1112.5609503275364 hand -0.5021036490143556 -0.6712162545361104 0.0 172.394431715933 51.85925997628536 1078.0637696897838
86 aruco 2.7146546174788972 -0.9937545292771265 -0.1847936392161961 -41.88051427891974 10.76061015625026 1115.9842769605086 hand -0.4675054307404155 -0.6288699271073083 0.0 172.39802356809142 51.79613472359068 1080.658011170719
87 aruco 2.7258077844047963 -0.9596032937863473 -0.21496869178037759 -39.49635116141024 9.402957269649034 1107.3436273124 hand -0.42939183172612094 -0.5967202870406629 0.0 172.03879640408684 51.76762578429626 1079.0258674851177
88 aruco 2.687093682380838 -0.9544340122038187 -0.2581317995727201 -36.97347718685106 8.881312718460348 1118.9580339356025 hand -0.4523025919991586 -0.58578464413566 3.0461108346762005e-17 171.94908772481634 52.008150653626934 1079.71080705419
89 aruco 2.6443423572740734 -0.9674303245283437 -0.30051765763744215 -35.4042361076799 6.733343155829615 1122.4640709238008 hand -0.44174078817929424 -0.6448930227984652 3.079746043366419e-17 171.2514648504099 52.22423517879961 1075.9971397113256
90 aruco 2.553205319025596 -1.0249018715392066 -0.3901212328901118 -34.170959923131726 4.020885686288271 1132.110122213393 hand -0.4417077992372741 -0.6709683631167166 6.196363628834139e-17 170.60530364261254 52.24696910064438 1074.6673040854214
91 aruco 2.4913217272225703 -1.0736514021779033 -0.45449694918194805 -34.16893358966779 1.4689001449510748 1133.0506478240673 hand -0.3394339476473686 -0.6338999908598439 0.0 168.98241378677417 51.778916125075234 1066.4867832998873
92 aruco 2.4445821989457817 -1.1426939873151787 -0.46106601785074225 -32.05375013941815 -0.649002621207284 1129.6803795217977 hand -0.3451751280800859 -0.6533606667505542 0.0 168.16933095077545 51.35074172063005 1065.6414618953422
93 aruco 2.384273952394635 -1.1815608711900465 -0.4528161862726335 -28.5115669418222 -1.3848396818739566 1131.9297334938867 hand -0.32218563845489223 -0.6685380865869979 -3.0477065952000794e-17 166.77117623641414 50.86787304572502 1057.562047378172
94 aruco 2.2950989355435283 -1.2533081601582146 -0.43430818982175307 -22.27762296700008 -2.3611614649698294 1135.7830522235497 hand -0.4048227608351775 -0.7318708196941953 -3.127655319624556e-17 166.72911707123944 50.325632256320226 1061.1110438615215
95 aruco 2.229082854538778 -1.2954398758147379 -0.4469818121668477 -16.51987624541529 -2.532104933900055 1141.4642946440392 hand -0.3706580111899293 -0.7047346651923914 0.0 166.45482042646927 49.62355600126212 1061.9383360839765
96 aruco 2.1276237463381835 -1.3414307427337764 -0.43811520479325816 -11.530069831955563 -2.998884941629322 1156.8178329520745 hand -0.4067965164991505 -0.7566216000324694 0.0 165.64666658478328 48.292935894761676 1058.2132695232458
97 aruco 2.082834678770827 -1.361531660348013 -0.4476400360355599 -7.4219891441853 -3.8802203947483656 1168.569280603122 hand -0.40425145331219137 -0.7250651004052839 -4.682973916720128e-17 164.57370043697696 46.98748638035801 1049.8665789626466
98 aruco 2.066539543715401 -1.3696006680958572 -0.4533913057353744 -2.8668852455177105 -4.953733200318731 1176.9636262247466 hand -0.45363316898778056 -0.7334089009355425 -3.151955643163978e-17 164.23716417365137 45.66251159319729 1045.1712155052064
99 aruco 2.1076294309274917 -1.3676979957308275 -0.4538728833298094 2.8951550782499034 -5.657416345165692 1173.153246639523 hand -0.4196824861286176 -0.7147390627234972 0.0 164.8636917668298 44.8491399798474 1045.5433338135251
100 aruco 2.0927324760999073 -1.3553037168528794 -0.465207190980822 8.491987222574869 -5.680246052381524 1167.2290925853515 hand -0.37938982559480505 -0.7285257504938086 3.114106935919203e-17 165.36398805696805 44.213713864408305 1043.6688626493797
101 aruco 2.0699024295351913 -1.3536777913532194 -0.46459364332183906 14.392378942032972 -5.858125137460409 1162.192170501806 hand -0.3466658934185445 -0.7487709433208563 -1.5587271151456537e-17 165.32416991135577 43.51305634193303 1034.5791748472375
102 aruco 2.064944087775776 -1.3561550478315174 -0.4865593179249644 18.739274984982423 -6.48257600777196 1156.5468751502037 hand -0.32102200122250557 -0.637249779707281 1.5129329089381637e-17 166.74023279573478 43.44936140342573 1037.6755220330424
103 aruco 2.0706726043966768 -1.3738264345655347 -0.4778587683366712 22.61587756917363 -6.873700736474888 1151.570571673425 hand -0.3497439089212647 -0.5588114312365017 1.4936391291481417e-17 168.579660113752 43.30384461124192 1047.3758234815941
104 aruco 2.04933494676394 -1.3664574120175284 -0.5105211797288237 26.16796731647624 -6.947932560692654 1152.6920169994025 hand -0.3826480734462115 -0.5646324839337282 3.003052054548344e-17 169.89339714139683 42.90293894884326 1058.8429407206302
105 aruco 1.8731783164788063 -1.258884747502234 -0.641944406319145 31.38507163547347 -6.145840033595355 1156.760188827146 hand -0.4742334801927391 -0.6738920279674725 0.0 169.31954562047588 41.767519352112686 1059.8210136084153
106 aruco 1.7110105760761238 -1.1811984092811527 -0.7196985434696259 36.755966344859125 -5.766183325576521 1163.54709530651 hand -0.4767525502307196 -0.7326859484361309 4.7449512181901455e-17 168.08618342825196 40.624873151908794 1060.731457884405
107 aruco 1.6852688942287677 -1.1728512400297564 -0.7384429519235339 41.12074815304612 -7.013974390439469 1166.8147153340744 hand -0.5899942139319286 -0.7764537009238512 -3.26969990142056e-17 168.91664737132598 39.956500160122346 1085.660031119896
108 aruco 1.7794920811686714 -1.2720731710057525 -0.6240044892761757 43.31364932030448 -8.370823771650471 1158.4228468226163 hand -0.6466385395903771 -0.8235681935920001 -3.35607188964168e-17 167.1994040945385 39.69963425712047 1107.2734222404222
109 aruco 1.888924219237352 -1.3256021222345535 -0.5700830116588731 44.560228116305815 -9.740088745146005 1152.9771559170686 hand -0.6716202146117051 -0.8565131148042859 0.0 162.5910963062724 39.02245475852383 1105.131228493124
110 aruco 1.8619539563249259 -1.3206602354175319 -0.549853866387019 48.660794805315476 -9.052439448247087 1149.4034934953058 hand -0.57571963545418 -0.685099608105198 -3.183802803627622e-17 155.20346282839478 38.32210696735831 1079.9175410233438
111 aruco 1.8735102864839295 -1.3247996893216414 -0.5542585702605102 51.85433288411816 -8.863982632787218 1152.2794027651696 hand -0.45264947731825805 -0.43288312151854513 0.0 150.63670434934264 37.30423984610471 1058.391429140115
112 aruco 1.7522767142294573 -1.2111834923675748 -0.696172199903386 59.30726899971675 -8.701815237643913 1160.5867826556441 hand -0.5101868442888167 -0.36797010569083566 -1.4837098550833797e-17 149.32673705346943 36.865614488818515 1059.2769526782185
113 aruco 1.7542536696066935 -1.2594384326930685 -0.6384331032109655 63.43618294582359 -8.33406469258377 1153.6212983609232 hand -0.5519589290046519 -0.5003377020786389 1.5249750335756562e-17 148.75535927974929 36.759238851251546 1056.5986564190969
114 aruco 1.7322924053809579 -1.294491698155152 -0.5826641335697025 70.8805408711075 -7.804282792953178 1155.7486257284256 hand -0.5029751419849872 -0.6071299351235502 0.0 148.4461546749028 36.88742614894741 1044.1826712727727
115 aruco 1.7532624588614587 -1.2515499598251618 -0.6866919327605489 78.29825971524379 -8.324448678670686 1143.4982446831555 hand -0.4492417300925586 -0.7143996039511085 -3.13460006653648e-17 149.3529131163573 37.411596027542565 1032.0314845003675
116 aruco 1.7165165392732424 -1.2771019897340652 -0.6740948442795148 83.11192430541114 -7.9092462569883635 1145.0721078423107 hand -0.38467292148113275 -0.7346956901579399 0.0 150.70029475781922 37.750657106723885 1022.5181774707529
117 aruco 1.6949575290423489 -1.3049049447057828 -0.657264840264552 84.95012103412711 -7.61344334111462 1137.913848659502 hand -0.4239725551832436 -0.8923238806492994 -4.9264988629764237e-17 152.10683423720909 38.43069683856907 1024.4506085829491
118 aruco 1.688983159499341 -1.525916193040311 -0.3303283723672588 82.64796650445867 -6.376825086480064 1142.6498672785162 hand -0.14151675358821386 -0.8169306282044576 0.0 153.0761205629961 38.43155100939967 1031.0840763649783
120 aruco 1.7370958051203957 -1.3385453436027415 -0.5701818926976346 85.26113127859564 -9.967826754820004 1149.2885416278887 hand 0.18984490990658237 -0.6924563665185144 -7.573020730251363e-18 154.14725205994452 38.128563787971494 1041.516280459776
121 aruco 1.7335497012240393 -1.0892617793740937 -0.7699772878200759 87.23308665642428 -12.746580755983125 1156.0978277252514 hand 0.30343205769927134 -0.6324059464010688 0.0 155.1766025037952 37.71995884178801 1056.666898372513
122 aruco 1.694522160142627 -0.7947179422130899 -0.9994360023710701 88.63492033445262 -16.06245448431675 1149.1507062448504 hand 0.1436512171295824 -0.6699716059476313 7.513147057987711e-18 153.52533546631898 37.36252991186843 1057.8311350777196
123 aruco 1.742769208196334 -0.7922096104259343 -0.9445944473633325 84.9629316249926 -15.7718006426387 1149.6106916374392 hand -0.12373992131581432 -0.7943055682345073 -7.7467083485784e-18 151.21638872618573 37.43253025119038 1059.227631448762
124 aruco 1.6974896155477208 -0.8068779199121977 -0.8932331529363452 80.24990280945076 -13.775320253555137 1139.5637906568047 hand -0.18112722035649892 -0.791363376499948 7.764061690686787e-18 147.85275162642037 37.84853195669776 1054.195246119516
125 aruco 1.686668913742452 -0.8619637271259633 -0.7926890174334997 73.63149097665728 -9.452743191545673 1139.704294392078 hand -0.3421244226645656 -0.7079389866523983 -1.541803800867422e-17 146.59060489904775 39.347919648066856 1065.8383982608784
126 aruco 1.5744556411604298 -0.9016273726790323 -0.6799970037455206 69.01915253730118 -4.765957968317393 1133.8160243200223 hand -0.33326737001163254 -0.6824752148034304 0.0 143.79402390327388 40.48235239905699 1061.5748494942156
127 aruco 1.7343469525215915 -0.9816845389974337 -0.6938246751834749 66.77322476358457 -4.0605097082253305 1147.359638054933 hand -0.37679198144858633 -0.6899379526063852 0.0 140.77211330726644 40.71708349670728 1041.601053206801
128 aruco 1.8967109523506558 -1.0143857491789625 -0.7439568949224485 69.46099068018742 -5.464758382012117 1152.9637961126457 hand -0.1782361354552567 -0.7091616566421065 7.598112406925883e-18 141.3868710597487 40.41707854968397 1026.1542559149361
129 aruco 2.0394738035229696 -1.0161448717768926 -0.8300728866201461 73.79027974859864 -7.413941997352198 1154.8938106795636 hand -0.23238379696433967 -0.745328158422167 3.848674909630873e-17 146.4417647397355 40.44178633325786 1032.4415603327777
130 aruco 1.9077153838218401 -1.0331354326799793 -0.7332994032274318 77.51843027547152 -5.128066213316876 1154.2473855727796 hand -0.2240295425666454 -0.8233258014015975 2.3574978756711968e-17 152.81466520896882 40.85910307532746 1053.7772676645766
131 aruco 1.7338351456054797 -1.0767221012398405 -0.5781921581935957 79.08340445968675 -1.1115509185784453 1155.7332192791157 hand -0.19003880481658458 -0.85888266231362 1.58434352430227e-17 155.76983261027252 41.27023537556292 1055.281518939306
132 aruco 1.5645885254342335 -1.0957445511891857 -0.46510630501813066 80.34833096555944 2.751735247438802 1158.9862430850123 hand -0.0774540909196144 -0.7784039803199441 3.850278330348544e-18 157.25263057117823 41.66377752010854 1052.7889984326691
133 aruco 1.5207079919539686 -1.102177326768941 -0.4266463875337004 82.05394490862973 3.3747070859333212 1156.5899134457813 hand -0.03238724472223442 -0.7013872918946472 9.429523547670317e-18 159.15233502478733 41.71830140272119 1047.8945063207104
134 aruco 1.5292355459556441 -1.139252333908945 -0.38541522203145373 81.23911684016448 3.6051662546836822 1163.224842583407 hand -0.09257039530668879 -0.73286065621167 1.5225105763742064e-17 160.62341536103077 41.50470989681252 1054.5225857127336
135 aruco 1.5296825574702466 -1.1770438260978213 -0.3332213615475704 79.49853563514267 3.6099281294592322 1166.3441885093036 hand -0.1146306173281295 -0.6300105504816409 7.436823834451693e-18 161.2979859154129 40.91115630367824 1060.5470218287985
136 aruco 1.6651702726950715 -1.0906315346335058 -0.5772027438212967 78.36791944723564 0.3807094671602022 1173.2719051040049 hand -0.12502866205741883 -0.39676313321933243 7.143142461500964e-18 160.9201844977791 40.095370473706765 1071.4309288326235
137 aruco 1.7742438203965534 -0.9509707736143201 -0.8847708910575816 78.78842486086168 -3.3109573253559113 1173.7754469232707 hand -0.11832040202338348 -0.2474906404311055 -1.756672721972901e-18 159.97529922843188 39.31334383879859 1073.0747787526973
138 aruco 1.821033754918188 -0.7769478035480395 -1.183891386858752 80.42030379870039 -6.026658117969995 1175.4567258052582 hand -0.1670214605522865 -0.32628002806659456 -1.0645115087025782e-17 157.87644173946322 38.616343856663576 1061.5911329591238
139 aruco 1.7805124785458961 -0.7654498041899115 -1.204220278110484 81.80002267676646 -4.814954116096434 1174.2636395321508 hand -0.11084046036636272 -0.44781448674999513 -1.0786907693436081e-17 156.04902084629438 38.929404162248346 1043.6284919743714
140 aruco 1.7484851320492616 -0.745561114583932 -1.2034024589025865 83.0880035091178 -3.3067208939835964 1172.1880709551979 hand -0.014733444155684039 -0.5139968472802167 -5.440786734995329e-18 156.45431323236016 40.37179795818941 1041.5135479689573
141 aruco 1.724049548312693 -0.9375358165871455 -0.9158362676977744 80.5877896143847 0.5019882592935154 1175.542981570151 hand 0.038634479995959224 -0.474231910375201 5.405844193218066e-18 157.21261360322362 42.303772312675456 1049.9547615467097
142 aruco 1.7219378508781382 -0.9340135839701356 -0.9106878155712488 79.29247807807447 1.5586770068626088 1173.9540605170923 hand -0.01948518999884604 -0.49028762544181437 5.419016249639667e-18 157.3133434535019 43.52630873656162 1058.4132438742251
143 aruco 1.6947592259507092 -1.1342500265301838 -0.5804135566419528 75.64635071711724 5.463213276210932 1181.463166023848 hand -0.09173573730645108 -0.4826160319839639 7.22605524328531e-18 155.7831917217604 44.22915095531119 1052.6362366388482
144 aruco 1.7228190686289317 -1.1542261021458535 -0.5687035081723006 76.3051355436012 9.976137252858875 1183.1201420764744 hand -0.047366367739660874 -0.5059443711624177 3.6233863651725856e-18 155.5393116800982 47.27204181934206 1039.2931840708175
145 aruco 1.7199135150140274 -1.365183214015317 -0.25222434015241973 74.82771682003268 19.66257044044165 1185.8068922091672 hand 0.02351640011296589 -0.4219809079199251 4.0217924176152484e-18 155.55000726915313 53.0418380700599 1021.5989040033068
