35 aruco -1.2417857323414625 1.6666991628623449 -0.9969570929704126 -153.04053511351287 1.0852591525134674 1274.8710370079987 hand -0.32133412155000657 -0.6036957016997678 1.5021656315497253e-17 196.18326357713795 34.310727141354576 1155.064555100869
36 aruco 2.1582800871948282 -1.395799856723865 1.7617616848867585 -122.14021476580861 -4.060855292792713 1252.2300110358567 hand -0.4082406347945948 -0.6887591052238866 0.0 193.71559210084857 41.006078039916424 1191.144204519369
39 aruco 1.963437437406444 -0.7923067495552797 1.6766896247370418 -77.24213501079879 -10.010284721382945 1224.5926352930708 hand -0.4711484931317243 -0.7626839178399978 -6.370809697435279e-17 184.2589584399193 47.52602263175 1216.04509306849
40 aruco 2.033993460088656 -0.7623640728414078 1.598049488636593 -57.70228267851481 -11.154143867766999 1215.5081282867623 hand -0.45370602741550714 -0.7448927028546759 -6.322812913738255e-17 177.1012610863113 46.621597284436966 1208.6766033503402
42 aruco 2.187141950496038 -0.7898846120037704 1.4470357590329948 -36.655853937740964 -13.34027972839715 1210.1933229078354 hand -0.44714943987620015 -0.7126567006900417 -6.264412014629487e-17 170.06567675450592 45.80622270008465 1207.5850743742442
43 aruco 2.365108357330713 -0.8211721300383418 1.1976236752588976 -26.729312298951687 -15.360462014346327 1208.6432546356707 hand -0.48916729173101875 -0.678892586630476 -3.1280184564574607e-17 166.24042560898894 44.890978851214975 1205.089869782871
44 aruco 2.3594392396277337 -0.8001709420785746 1.1868558423165882 -20.092357689649912 -15.574541367701967 1206.4411763491473 hand -0.5310928560215523 -0.6119352709385569 -3.104249468726185e-17 162.54975840443208 44.85875432464005 1208.2832414492248
45 aruco 2.252811682410298 -0.7965061545228581 1.3553177025962804 -15.765906764346495 -14.907232956954296 1201.05845950057 hand -0.48899959178050495 -0.5949031566810679 -3.0701329086096746e-17 159.09948299212297 45.251034909359525 1211.6826227625627
46 aruco 2.118573618010169 -0.800879035695023 1.5593404203109555 -12.423572643139062 -13.594898307775294 1197.8481962702774 hand -0.4471085422734899 -0.5534281986424605 0.0 156.2897361651264 45.50567887142925 1213.595267696746
47 aruco 2.025319306126523 -0.8722923404262779 1.757915901485511 -10.560307598328945 -13.85971633523439 1188.9360420471814 hand -0.33004203206037197 -0.5438742832686602 1.486007668092686e-17 153.67022748827546 45.00592911503338 1207.1086077519667
48 aruco 2.0557677992105945 -0.9073206828704886 1.7672725500539501 -8.370559480258203 -14.45964628748681 1184.889399482667 hand -0.36016808003204726 -0.5249623420971221 1.4861552371036437e-17 151.55485799757193 44.031093989698036 1200.9714858829193
49 aruco 2.092264933688245 -0.9908072357563648 1.7977128633813186 -8.07505525653591 -15.553515194212087 1174.4236880693886 hand -0.4421532780400731 -0.5965671037354775 0.0 150.38845179304485 43.16825593584446 1197.9282039091731
50 aruco 2.1457022527918674 -1.0530100425966162 1.7791856603863252 -7.143032757519219 -16.604583043560805 1177.9216052483255 hand -0.5129314689027623 -0.6196570977580825 0.0 149.44189354841748 41.94837554785111 1193.9008291473467
51 aruco 2.254409180382323 -0.9626003674985152 1.524424808389893 -2.6566544879394582 -16.514336991345264 1180.1344304563381 hand -0.541470258221691 -0.5942373307431951 -1.549361964272683e-17 149.18268253195737 41.09055355405892 1194.6391378268438
52 aruco 2.300879743152903 -0.8012650314517866 1.2633280713180113 2.5699420089683893 -15.809498308539823 1186.7480240590003 hand -0.5038505859308859 -0.5503219627808263 0.0 148.74438772717997 40.28019816239711 1195.0131314657767
53 aruco 2.2676240956501554 -0.7698208600895575 1.2729981304661993 5.766875422183261 -15.025277706651359 1184.8634777367522 hand -0.4935412492916937 -0.5737138570557074 0.0 149.41247939163824 40.735481309078004 1202.2640328055156
54 aruco 2.2942511439768545 -0.7823487570265605 1.2684790881372257 8.597080593119195 -14.923188289278805 1188.9157097394266 hand -0.4738043262674264 -0.6068499778729103 0.0 149.79728754801283 41.16670014399991 1205.4455251540535
55 aruco 2.321401479731293 -0.8164740171253374 1.2588471278575208 12.322087604214039 -14.610744711913904 1190.0707346224747 hand -0.43507007966186617 -0.6417369499906647 0.0 150.50279855659028 42.05641118970239 1208.9052319256289
56 aruco 2.417959013170431 -0.724778548513733 0.9718357334380482 18.681512935745847 -14.113446465979584 1186.4161720934198 hand -0.42915860456558785 -0.6227558958622107 0.0 150.5608182287185 42.45027025739453 1210.6110536821923
57 aruco 2.4199129088182803 -0.731917548930217 0.9670703114210101 22.823410167993625 -13.00257322640199 1178.2916817456032 hand -0.43218963348564426 -0.6720810039858441 0.0 149.6725721717743 43.12939756169374 1208.6863860801186
58 aruco 2.3261313010123477 -0.793790830811748 1.2415652382579623 22.588971893752586 -11.849557495674146 1171.661843926713 hand -0.39727433240269494 -0.6043475476444308 1.5165744332577782e-17 147.4262205475802 43.290328814701375 1197.690941710124
59 aruco 2.330032865664557 -0.8088309319186181 1.2463021933730372 25.56591892418436 -10.533461919034227 1171.1630371810413 hand -0.40293860212710475 -0.651690944199065 0.0 145.30392560916164 43.955767959953995 1193.061711590296
60 aruco 2.1985375203499324 -0.8612581519739034 1.5147058393615842 25.20666851532513 -9.384060796991601 1173.258960873208 hand -0.3707635247706264 -0.5482011876852182 1.4945112403239653e-17 143.13360225958726 44.08402172635723 1186.0122924563689
62 aruco 2.3543390718088917 -0.8031240506374956 1.203417484357559 32.18666781742902 -8.121033600682257 1173.0503552880768 hand -0.4022591727223581 -0.5646830843066418 3.0110509153519854e-17 139.99970073362275 44.34098923387586 1179.2851341997582
63 aruco 2.3717585270609214 -0.7917093028525773 1.1739660807832397 35.61837538632114 -6.551666515506248 1167.5177182960535 hand -0.36817033663476484 -0.4680803869244259 2.9466669269488606e-17 137.65504564308063 44.65029994980248 1178.9780804640013
64 aruco 2.373693441393604 -0.7867465683772001 1.2142132644211272 38.83436625217235 -4.198657759788855 1160.7775798069179 hand -0.4110849128118531 -0.5227864075076637 1.495617139257934e-17 136.68576715314273 45.559780427082785 1188.434190628762
65 aruco 2.377328605688334 -0.7549602543808024 1.1839197831119495 41.045828622745425 -2.436596552523266 1156.9614529587595 hand -0.4799060854076043 -0.6079172986544901 1.5368920838165896e-17 135.69284975819286 46.10593147098992 1187.4078214318758
66 aruco 2.1917323055021276 -0.8096775137974467 1.5589674463691718 39.583065670071846 -0.8877988779990517 1168.0381049311047 hand -0.524115105689436 -0.719078528206862 0.0 132.1840343186892 45.85409028010227 1172.353501303305
67 aruco 2.360557514818758 -0.7394895456579532 1.1630514095257283 45.43136325814395 -0.5543708112803424 1166.5923171961492 hand -0.49594977699550846 -0.7091569990535639 -1.577416989553886e-17 128.50522683225864 45.70509514426633 1165.0449246279768
68 aruco 2.355717250017511 -0.7470001120146618 1.1380723646692084 47.90862633080463 -0.26674524864689503 1159.993647871639 hand -0.42723898258296633 -0.538320254533084 1.5033601316379055e-17 128.06859198376455 46.317487976319455 1191.8785803795802
69 aruco 2.357528530221092 -0.7943016715555017 1.1644062383069242 48.801407831435064 -0.07627570338196066 1140.0122593177766 hand -0.49828572983644637 -0.5272350720979959 0.0 129.50148026191277 46.71296330696188 1215.2362555461505
70 aruco 2.355249701593094 -0.794764895265198 1.1363489135408635 49.30574581873995 -0.01988042376419421 1130.9979475620523 hand -0.5132099269931953 -0.5786374928036375 4.609340769681507e-17 129.70177867147248 46.51661812991927 1214.555539712059
71 aruco 2.142438167177611 -0.879396390459781 1.6126702752738533 46.45506583053035 1.2107513040509936 1134.3172554297764 hand -0.48379136162470315 -0.5906465305920112 1.53237401994974e-17 128.05172253373198 45.67719535739662 1193.8103059679127
72 aruco 2.3599304258859104 -0.7535172811638517 1.1071620351949625 54.11830682110884 2.748385875559124 1137.887637374357 hand -0.42188643373927254 -0.5759547528336598 0.0 126.04786230754242 45.502976888729194 1180.3043432602324
73 aruco 2.3753147370966055 -0.7304677539950148 1.0773215913047527 58.6956179363479 5.366521086560403 1141.6795973152732 hand -0.46448335482425307 -0.6148547779820444 -6.141077128106787e-17 124.59599130702998 45.63982639570167 1180.3895065780011
74 aruco 2.4943661612975387 -0.620340912689211 0.6128845866997478 66.49413066556288 7.072819763072528 1139.4859899319872 hand -0.5117488284174065 -0.8243032082541225 -3.264103995031799e-17 122.70108985905902 45.872247374934354 1172.7497411853158
75 aruco 2.500270321031435 -0.607883996392482 0.5992946729384349 69.17786409160843 8.352171712897588 1140.0981757144325 hand -0.4645812654800868 -0.8728994345671388 -3.285385626094537e-17 121.0620821189384 45.99229886046215 1168.5695377906075
76 aruco 2.49067902377164 -0.5993210023159521 0.5903651328651676 72.0636005396921 9.50098419975249 1145.687602010932 hand -0.5257376511270127 -0.6515288165246437 0.0 120.63081155554569 46.097016863997986 1181.0864786932666
79 aruco 2.5046323958801646 -0.5814765860405801 0.5495825000242807 76.46136853959328 11.82285213863299 1149.8847484107448 hand -0.2569001906718909 -0.06306297824311784 -4.738826631977367e-17 119.93966456584785 45.85098715988307 1186.2442995411182
80 aruco 2.5088313727672986 -0.5662966921039242 0.5207879050982628 80.8447142208585 14.24822855307307 1156.5678744043364 hand 0.21792275068295686 0.7551201325988612 -9.249969928810375e-17 119.9634127524506 46.693130927284756 1197.4455752883412
83 aruco 2.537650776475095 -0.5235045770228053 0.4731720322148224 88.42991383460749 19.1295931172579 1152.9004987051328 hand 0.2604718148386178 0.7216867465750046 -9.203440193870151e-17 120.96072224533005 48.58624514211482 1208.9986001788905
84 aruco 2.545843588375502 -0.47884501217476644 0.4375130823871015 94.77118819843987 22.568406732155918 1148.3315676433092 hand 0.15562689152444317 0.06547731946114 -4.0960333919781577e-17 122.96841203553767 50.701183874296696 1231.3299725654979
85 aruco 2.5549567110499027 -0.43111056658073615 0.4024323147493368 101.71418270724979 25.123205847659946 1142.5435101621026 hand 0.3082780687089499 -0.055921959700901955 -2.204290922214101e-17 121.61460008275013 50.832443313000425 1216.4961509590153
86 aruco 2.5563288836112874 -0.4180976996076173 0.39915711891066297 104.05099446492848 24.53163055992606 1140.3339529701968 hand 0.8581161191539648 0.48812368655636773 0.0 118.151004604384 49.51325482855023 1172.0791262959667
87 aruco 2.5520875305619404 -0.41490241454577204 0.4031663363518477 106.63778238971965 24.203147970460616 1145.647337134075 hand 0.6742338863141867 0.5370177122813304 -1.575786288182471e-17 115.58227337897792 50.21466543113626 1164.5030960670194
89 aruco 2.463975932247749 -0.5669789241851853 1.0117944771430682 100.01375489848901 24.385192573427048 1136.7068415020751 hand 0.55883070501233 0.8621223781884224 9.994440978772294e-17 117.54848639201968 54.9692741052201 1218.6690281760705
90 aruco 2.4422649882434864 -0.5049505799783423 1.014940013127766 101.54435228642997 24.89961828962912 1139.2795938735924 hand 0.6202014121448508 1.1911877295171271 1.1479116530812066e-16 117.2592459152912 58.88200875413572 1255.9699877174214
93 aruco 2.4129838012186973 -0.3379168466038303 1.0955189427705403 112.15196091591018 15.789683126304597 1128.5409402328303 hand 0.6498828924364917 1.7504401262534326 1.0837522240028699e-16 120.72615271420659 55.54929245322649 1288.1503270684898
94 aruco 2.4894370514960933 -0.07472821124218774 0.5575858030717831 129.93254950741618 6.499363698637837 1124.6686899541069 hand -0.00427117549485246 -2.357042091778876 -2.025589577055823e-17 124.62776154429072 49.6963808450402 1297.5997534504586
95 aruco 2.4880031634684223 0.016962515510864962 0.6037848669399224 140.5722844320004 -3.447557036888137 1113.7237432135025 hand -0.12678124812433228 -1.9056461564809124 0.0 134.9630111966326 45.64307083159386 1372.0254893610925
96 aruco 2.4958054305813415 0.023222995273461156 0.5904324464953619 142.19581413655283 -3.9565954920800053 1107.8268469013603 hand -0.5614202165719131 -1.593767111757066 0.0 140.97435539512847 46.84828069628666 1404.3283593680135
