6 364.6408440533277 -243.92922019584628 35.06858647183071 0.5940739554949157 0.2358912541298543 0.39280102902321024 -0.6611647322914136
8 246.44845023422806 -324.58408470244 146.7954967805132 0.534750141756629 0.38341933991803995 0.2680909794912654 -0.7036754382408792
9 299.9812714790488 -267.7868316047999 148.08487039368015 0.5901642290721869 0.33348004316295843 0.293966447545601 -0.6738553043889186
10 342.55596986528303 -202.48710137708892 134.4356752151807 0.5379126889197593 0.08665300322433928 0.35476510044905696 -0.7597913658595282
11 334.1175393307455 -214.9854154213677 115.3982124665365 0.49947062602164843 0.06504527095406232 0.3650276365285551 -0.7829770309775583
12 338.51303085539655 -181.15294473070082 138.76147952204838 0.5365849595379347 0.0667410341031768 0.3394529117662144 -0.7696713170295163
13 331.4922083584789 -180.2109910647929 160.26885062581596 0.6402434776920383 0.2645911942225122 0.3114906936440465 -0.6504255045628669
14 360.44006530927606 -13.776016261393188 193.3519395014274 0.7826736102613275 0.189844982734725 0.315380734243905 -0.5019122381440073
18 339.98570309289084 -16.524397167637353 197.42248809944851 0.6997418260047084 -0.0030225091114886027 0.3288095650550434 -0.6342211848453035
21 289.9854386293305 114.70228205129987 196.3186015345908 0.6191642929460353 -0.3666064374202601 0.24730352478489137 -0.648903895050438
22 291.8208398529501 37.89718547825187 178.3605999717464 0.3585086917701078 -0.523079083649589 0.27158852036468284 -0.7239471429460265
23 302.84268248694644 -20.011151927831705 153.30656117474632 0.40922827875061535 -0.3537972068940669 0.39083084207316116 -0.7447220992753936
24 263.88977877116 -121.63663790827847 173.61914659401646 0.47476428890898936 0.06438401475906944 0.37422437469879577 -0.7939834292990886
25 312.49691885932737 64.02421176223702 106.52073570336347 0.716708850267705 0.06748044708574166 0.3767503011464216 -0.5829528486894402
26 -307.65347017095723 -107.87173501364282 28.349897229203833 -0.039711085614148045 0.8413564446520555 -0.30910060931912037 -0.4415871103648145
27 2.8335067968462795 -297.67175872241864 107.55662261539919 0.09268196827799693 -0.23715360427571203 -0.34924968512164895 0.9017720766233475
28 -26.300528202585753 -288.3091230171475 120.33950367971192 0.14182033552529327 -0.25941346562652307 -0.33735943926762807 0.89374507272497
34 120.20884075695176 -223.86333515444903 149.38862404015367 0.20328916372432476 0.34135914224866387 0.3189620844673678 -0.8604711735948816
38 189.01753426355845 -85.18138088368957 144.40207836355648 0.4984979859090754 0.2640329309863949 0.38462277368419506 -0.7306515526314888
39 159.99037472861863 -41.83628663072303 141.68055495793146 0.578160190464058 0.2931124091872688 0.37782578895093255 -0.661107845170971
41 135.5057541986502 -67.81070687417433 129.63229237498126 0.48687569354085236 0.17737617511568277 0.3595155237914617 -0.7760401662887015
42 123.23656177169858 -83.19841935943543 139.24530930949163 0.5290550265169432 0.4336992142854515 0.24490327552448526 -0.6870430525685538
43 121.96908551923093 -67.83366499351203 141.2398850383438 0.5836959575880292 0.4562625729151686 0.23702650188343843 -0.6284440556303517
44 118.72089345214798 -72.6028147043734 132.87809599667958 0.5624860352893851 0.47242587523853535 0.26026492873734586 -0.6266461676088644
45 73.88108514715822 -125.32357504226303 129.4402392305035 0.41594472971072216 0.5567429988248489 0.14741771404377954 -0.7037721454217233
46 53.61126999642826 -134.12324332240613 125.18066354085022 0.3821770767318247 0.5514839699460277 0.10424191194208232 -0.7341251505758029
47 41.12024681784868 -129.68798175933347 128.2022826877626 0.3853459336792898 0.6115026240729058 0.09353384895709543 -0.6847075808314513
48 64.7893132206612 -99.23041807835448 135.53381816213346 0.4869139924020641 0.6158603042527657 0.2043189639245302 -0.5847089965355245
49 72.77446674174564 -88.23641605593224 128.26130736235973 0.4794687293057607 0.6495078281637011 0.284572306973762 -0.5169796135976954
51 72.12880288148921 -81.71219233068109 126.86195098867029 0.5355045573514612 0.5883715028409087 0.2324733946049751 -0.5594729345566105
52 49.36797217636973 -105.42423843640013 106.64515908579733 0.46340748924656244 0.5347684496234084 0.11298870088031579 -0.6975025144549313
56 21.732553130872674 -116.56288420880436 95.2954733154952 0.4049046287007784 0.4511296957947646 0.029500047541181518 -0.7947729150039501
57 -27.069250210975838 -118.0807245708959 73.02066372127865 0.2551683281009557 0.4717321382820635 -0.02829520917590836 -0.8435385558370683
58 -3.5500117773782733 -119.11900890836264 67.55523185580068 0.36700577568376597 0.46524853052543014 0.0357124282963156 -0.8047205651180201
60 -2.0279820079258 -119.45245357455943 49.70881847882947 0.33785914440220877 0.5212368201671039 0.10036767081729961 -0.7772320802055226
61 60.1994550557916 -99.76316354048241 43.44514147457403 0.4999840170643971 0.4561115201934168 0.28503059941428843 -0.6787752361603437
62 42.22181917800592 -106.66022043913442 33.581231615724164 0.4445766025217636 0.4673084848568622 0.26253318684839533 -0.7176703632408232
63 85.9609951414301 -71.90215959415993 40.28400769752284 0.6558221137822137 0.3235641936829143 0.3073544704027953 -0.6088815953565782
64 49.564539055459555 -100.64354261002129 43.86024726814253 0.5595805566893693 0.3289351746359625 0.19591847118595965 -0.7350423145034445
65 106.97674435144087 7.233673821555968 47.0160249824869 0.8874223011096913 0.15926378265462815 0.31915262935779154 -0.2919902501826522
67 77.79290260251044 -65.92547377706374 51.21427927271702 0.6942419771495099 0.3204826168690161 0.32581202897989125 -0.5560265202491095
68 57.34173680742718 -77.73185072508976 59.86604289607885 0.6027637697935893 0.3876112660699181 0.38933959605453444 -0.5786605422732642
69 -6.877487180256921 -99.76897227754118 61.56776273755759 0.2833930200350145 0.5172991782420843 0.3677950831094858 -0.7188996684002467
70 -38.709451745875484 -95.69888575741903 76.48135139457554 -0.21436077373624807 -0.5935207849460691 -0.32341345319458115 0.7051143700230166
71 -68.40690117733376 -89.58739480089008 78.66607398128008 0.22867948729212273 0.6038152425401654 0.171647729782693 -0.7440765429903167
72 -79.0039720056302 -94.70010856106992 75.94517983359651 0.37147415167150843 0.6035465486438292 0.035538866074610986 -0.7046101810633918
74 -107.77687991919078 -83.05909356230306 87.14170979674418 0.3536482957502962 0.5258504074408894 -0.1182256740318467 -0.7644847427561109
75 -73.98728587611453 -103.3415010562812 133.23225174638776 0.525330035056108 0.45929354784431486 -0.044853060740720097 -0.7148887984286224
76 -121.69427357509448 -91.42209094183416 158.85874802051387 0.47158873917914 0.4789310758611068 -0.11358506469091745 -0.7316607948585956
79 -28.677533998330944 -113.99672160644486 167.51759445979098 0.8131090267362266 0.44060922107170447 -0.010542680338956972 -0.3802710570605162
