1 0.15 0.15 0.15 1 0.0 0.0 0.0 0.3 0.3 0.3 1 0 0 0
2 0.15075 0.15075 0.15075 1 0.0 0.0 0.0 0.3 0.3 0.3 1 0 0 0
3 0.1515 0.1515 0.1515 1 0.0 0.0 0.0 0.3 0.3 0.3 1 0 0 0
4 0.15225 0.15225 0.15225 1 0.0 0.0 0.0 0.3 0.3 0.3 1 0 0 0
5 0.153 0.153 0.153 1 0.0 0.0 0.0 0.3 0.3 0.3 1 0 0 0
6 0.15375 0.15375 0.15375 1 0.0 0.0 0.0 0.3 0.3 0.3 1 0 0 0
7 0.1545 0.1545 0.1545 1 0.0 0.0 0.0 0.3 0.3 0.3 1 0 0 0
8 0.15525 0.15525 0.15525 1 0.0 0.0 0.0 0.3 0.3 0.3 1 0 0 0
9 0.156 0.156 0.156 1 0.0 0.0 0.0 0.3 0.3 0.3 1 0 0 0
10 0.15675 0.15675 0.15675 1 0.0 0.0 0.0 0.3 0.3 0.3 1 0 0 0
11 0.1575 0.1575 0.1575 1 0.0 0.0 0.0 0.3 0.3 0.3 1 0 0 0
12 0.15825 0.15825 0.15825 1 0.0 0.0 0.0 0.3 0.3 0.3 1 0 0 0
13 0.159 0.159 0.159 1 0.0 0.0 0.0 0.3 0.3 0.3 1 0 0 0
14 0.15975 0.15975 0.15975 1 0.0 0.0 0.0 0.3 0.3 0.3 1 0 0 0
15 0.1605 0.1605 0.1605 1 0.0 0.0 0.0 0.3 0.3 0.3 1 0 0 0
16 0.16125 0.16125 0.16125 1 0.0 0.0 0.0 0.3 0.3 0.3 1 0 0 0
17 0.162 0.162 0.162 1 0.0 0.0 0.0 0.3 0.3 0.3 1 0 0 0
18 0.16275 0.16275 0.16275 1 0.0 0.0 0.0 0.3 0.3 0.3 1 0 0 0
19 0.1635 0.1635 0.1635 1 0.0 0.0 0.0 0.3 0.3 0.3 1 0 0 0
20 0.16425 0.16425 0.16425 1 0.0 0.0 0.0 0.3 0.3 0.3 1 0 0 0
21 0.16499999999999998 0.16499999999999998 0.16499999999999998 1 0.0 0.0 0.0 0.3 0.3 0.3 1 0 0 0
22 0.16575 0.16575 0.16575 1 0.0 0.0 0.0 0.3 0.3 0.3 1 0 0 0
23 0.16649999999999998 0.16649999999999998 0.16649999999999998 1 0.0 0.0 0.0 0.3 0.3 0.3 1 0 0 0
24 0.16725 0.16725 0.16725 1 0.0 0.0 0.0 0.3 0.3 0.3 1 0 0 0
25 0.16799999999999998 0.16799999999999998 0.16799999999999998 1 0.0 0.0 0.0 0.3 0.3 0.3 1 0 0 0
26 0.16874999999999998 0.16874999999999998 0.16874999999999998 1 0.0 0.0 0.0 0.3 0.3 0.3 1 0 0 0
27 0.16949999999999998 0.16949999999999998 0.16949999999999998 1 0.0 0.0 0.0 0.3 0.3 0.3 1 0 0 0
28 0.17024999999999998 0.17024999999999998 0.17024999999999998 1 0.0 0.0 0.0 0.3 0.3 0.3 1 0 0 0
29 0.17099999999999999 0.17099999999999999 0.17099999999999999 1 0.0 0.0 0.0 0.3 0.3 0.3 1 0 0 0
30 0.17174999999999999 0.17174999999999999 0.17174999999999999 1 0.0 0.0 0.0 0.3 0.3 0.3 1 0 0 0
31 0.1725 0.1725 0.1725 1 0.0 0.0 0.0 0.3 0.3 0.3 1 0 0 0
32 0.17325 0.17325 0.17325 1 0.0 0.0 0.0 0.3 0.3 0.3 1 0 0 0
33 0.174 0.174 0.174 1 0.0 0.0 0.0 0.3 0.3 0.3 1 0 0 0
34 0.17475 0.17475 0.17475 1 0.0 0.0 0.0 0.3 0.3 0.3 1 0 0 0
35 0.1755 0.1755 0.1755 1 0.0 0.0 0.0 0.3 0.3 0.3 1 0 0 0
36 0.17625 0.17625 0.17625 1 0.0 0.0 0.0 0.3 0.3 0.3 1 0 0 0
37 0.177 0.177 0.177 1 0.0 0.0 0.0 0.3 0.3 0.3 1 0 0 0
38 0.17775 0.17775 0.17775 1 0.0 0.0 0.0 0.3 0.3 0.3 1 0 0 0
39 0.1785 0.1785 0.1785 1 0.0 0.0 0.0 0.3 0.3 0.3 1 0 0 0
40 0.17925 0.17925 0.17925 1 0.0 0.0 0.0 0.3 0.3 0.3 1 0 0 0
41 0.18 0.18 0.18 1 0.0 0.0 0.0 0.3 0.3 0.3 1 0 0 0
42 0.18075 0.18075 0.18075 1 0.0 0.0 0.0 0.3 0.3 0.3 1 0 0 0
43 0.1815 0.1815 0.1815 1 0.0 0.0 0.0 0.3 0.3 0.3 1 0 0 0
44 0.18225 0.18225 0.18225 1 0.0 0.0 0.0 0.3 0.3 0.3 1 0 0 0
45 0.183 0.183 0.183 1 0.0 0.0 0.0 0.3 0.3 0.3 1 0 0 0
46 0.18375 0.18375 0.18375 1 0.0 0.0 0.0 0.3 0.3 0.3 1 0 0 0
47 0.1845 0.1845 0.1845 1 0.0 0.0 0.0 0.3 0.3 0.3 1 0 0 0
48 0.18525 0.18525 0.18525 1 0.0 0.0 0.0 0.3 0.3 0.3 1 0 0 0
49 0.186 0.186 0.186 1 0.0 0.0 0.0 0.3 0.3 0.3 1 0 0 0
50 0.18675 0.18675 0.18675 1 0.0 0.0 0.0 0.3 0.3 0.3 1 0 0 0
51 0.1875 0.1875 0.1875 1 0.0 0.0 0.0 0.3 0.3 0.3 1 0 0 0
52 0.18825 0.18825 0.18825 1 0.0 0.0 0.0 0.3 0.3 0.3 1 0 0 0
53 0.189 0.189 0.189 1 0.0 0.0 0.0 0.3 0.3 0.3 1 0 0 0
54 0.18975 0.18975 0.18975 1 0.0 0.0 0.0 0.3 0.3 0.3 1 0 0 0
55 0.1905 0.1905 0.1905 1 0.0 0.0 0.0 0.3 0.3 0.3 1 0 0 0
56 0.19125 0.19125 0.19125 1 0.0 0.0 0.0 0.3 0.3 0.3 1 0 0 0
57 0.192 0.192 0.192 1 0.0 0.0 0.0 0.3 0.3 0.3 1 0 0 0
58 0.19275 0.19275 0.19275 1 0.0 0.0 0.0 0.3 0.3 0.3 1 0 0 0
59 0.1935 0.1935 0.1935 1 0.0 0.0 0.0 0.3 0.3 0.3 1 0 0 0
60 0.19424999999999998 0.19424999999999998 0.19424999999999998 1 0.0 0.0 0.0 0.3 0.3 0.3 1 0 0 0
61 0.195 0.195 0.195 1 0.0 0.0 0.0 0.3 0.3 0.3 1 0 0 0
62 0.19574999999999998 0.19574999999999998 0.19574999999999998 1 0.0 0.0 0.0 0.3 0.3 0.3 1 0 0 0
63 0.1965 0.1965 0.1965 1 0.0 0.0 0.0 0.3 0.3 0.3 1 0 0 0
64 0.19724999999999998 0.19724999999999998 0.19724999999999998 1 0.0 0.0 0.0 0.3 0.3 0.3 1 0 0 0
65 0.198 0.198 0.198 1 0.0 0.0 0.0 0.3 0.3 0.3 1 0 0 0
66 0.19874999999999998 0.19874999999999998 0.19874999999999998 1 0.0 0.0 0.0 0.3 0.3 0.3 1 0 0 0
67 0.1995 0.1995 0.1995 1 0.0 0.0 0.0 0.3 0.3 0.3 1 0 0 0
68 0.20024999999999998 0.20024999999999998 0.20024999999999998 1 0.0 0.0 0.0 0.3 0.3 0.3 1 0 0 0
69 0.201 0.201 0.201 1 0.0 0.0 0.0 0.3 0.3 0.3 1 0 0 0
70 0.20174999999999998 0.20174999999999998 0.20174999999999998 1 0.0 0.0 0.0 0.3 0.3 0.3 1 0 0 0
71 0.20249999999999999 0.20249999999999999 0.20249999999999999 1 0.0 0.0 0.0 0.3 0.3 0.3 1 0 0 0
72 0.20325 0.20325 0.20325 1 0.0 0.0 0.0 0.3 0.3 0.3 1 0 0 0
73 0.204 0.204 0.204 1 0.0 0.0 0.0 0.3 0.3 0.3 1 0 0 0
74 0.20475 0.20475 0.20475 1 0.0 0.0 0.0 0.3 0.3 0.3 1 0 0 0
75 0.2055 0.2055 0.2055 1 0.0 0.0 0.0 0.3 0.3 0.3 1 0 0 0
76 0.20625 0.20625 0.20625 1 0.0 0.0 0.0 0.3 0.3 0.3 1 0 0 0
77 0.207 0.207 0.207 1 0.0 0.0 0.0 0.3 0.3 0.3 1 0 0 0
78 0.20775 0.20775 0.20775 1 0.0 0.0 0.0 0.3 0.3 0.3 1 0 0 0
79 0.2085 0.2085 0.2085 1 0.0 0.0 0.0 0.3 0.3 0.3 1 0 0 0
80 0.20925 0.20925 0.20925 1 0.0 0.0 0.0 0.3 0.3 0.3 1 0 0 0
81 0.21 0.21 0.21 1 0.0 0.0 0.0 0.3 0.3 0.3 1 0 0 0
82 0.21075 0.21075 0.21075 1 0.0 0.0 0.0 0.3 0.3 0.3 1 0 0 0
83 0.2115 0.2115 0.2115 1 0.0 0.0 0.0 0.3 0.3 0.3 1 0 0 0
84 0.21225 0.21225 0.21225 1 0.0 0.0 0.0 0.3 0.3 0.3 1 0 0 0
85 0.213 0.213 0.213 1 0.0 0.0 0.0 0.3 0.3 0.3 1 0 0 0
86 0.21375 0.21375 0.21375 1 0.0 0.0 0.0 0.3 0.3 0.3 1 0 0 0
87 0.2145 0.2145 0.2145 1 0.0 0.0 0.0 0.3 0.3 0.3 1 0 0 0
88 0.21525 0.21525 0.21525 1 0.0 0.0 0.0 0.3 0.3 0.3 1 0 0 0
89 0.216 0.216 0.216 1 0.0 0.0 0.0 0.3 0.3 0.3 1 0 0 0
90 0.21675 0.21675 0.21675 1 0.0 0.0 0.0 0.3 0.3 0.3 1 0 0 0
91 0.2175 0.2175 0.2175 1 0.0 0.0 0.0 0.3 0.3 0.3 1 0 0 0
92 0.21825 0.21825 0.21825 1 0.0 0.0 0.0 0.3 0.3 0.3 1 0 0 0
93 0.219 0.219 0.219 1 0.0 0.0 0.0 0.3 0.3 0.3 1 0 0 0
94 0.21975 0.21975 0.21975 1 0.0 0.0 0.0 0.3 0.3 0.3 1 0 0 0
95 0.2205 0.2205 0.2205 1 0.0 0.0 0.0 0.3 0.3 0.3 1 0 0 0
96 0.22125 0.22125 0.22125 1 0.0 0.0 0.0 0.3 0.3 0.3 1 0 0 0
97 0.222 0.222 0.222 1 0.0 0.0 0.0 0.3 0.3 0.3 1 0 0 0
98 0.22275 0.22275 0.22275 1 0.0 0.0 0.0 0.3 0.3 0.3 1 0 0 0
99 0.22349999999999998 0.22349999999999998 0.22349999999999998 1 0.0 0.0 0.0 0.3 0.3 0.3 1 0 0 0
100 0.22425 0.22425 0.22425 1 0.0 0.0 0.0 0.3 0.3 0.3 1 0 0 0
101 0.22499999999999998 0.22499999999999998 0.22499999999999998 1 0.0 0.0 0.0 0.3 0.3 0.3 1 0 0 0
102 0.22575 0.22575 0.22575 1 0.0 0.0 0.0 0.3 0.3 0.3 1 0 0 0
103 0.22649999999999998 0.22649999999999998 0.22649999999999998 1 0.0 0.0 0.0 0.3 0.3 0.3 1 0 0 0
104 0.22725 0.22725 0.22725 1 0.0 0.0 0.0 0.3 0.3 0.3 1 0 0 0
105 0.22799999999999998 0.22799999999999998 0.22799999999999998 1 0.0 0.0 0.0 0.3 0.3 0.3 1 0 0 0
106 0.22875 0.22875 0.22875 1 0.0 0.0 0.0 0.3 0.3 0.3 1 0 0 0
107 0.22949999999999998 0.22949999999999998 0.22949999999999998 1 0.0 0.0 0.0 0.3 0.3 0.3 1 0 0 0
108 0.23025 0.23025 0.23025 1 0.0 0.0 0.0 0.3 0.3 0.3 1 0 0 0
109 0.23099999999999998 0.23099999999999998 0.23099999999999998 1 0.0 0.0 0.0 0.3 0.3 0.3 1 0 0 0
110 0.23175 0.23175 0.23175 1 0.0 0.0 0.0 0.3 0.3 0.3 1 0 0 0
111 0.23249999999999998 0.23249999999999998 0.23249999999999998 1 0.0 0.0 0.0 0.3 0.3 0.3 1 0 0 0
112 0.23325 0.23325 0.23325 1 0.0 0.0 0.0 0.3 0.3 0.3 1 0 0 0
113 0.23399999999999999 0.23399999999999999 0.23399999999999999 1 0.0 0.0 0.0 0.3 0.3 0.3 1 0 0 0
114 0.23475000000000001 0.23475000000000001 0.23475000000000001 1 0.0 0.0 0.0 0.3 0.3 0.3 1 0 0 0
115 0.2355 0.2355 0.2355 1 0.0 0.0 0.0 0.3 0.3 0.3 1 0 0 0
116 0.23625000000000002 0.23625000000000002 0.23625000000000002 1 0.0 0.0 0.0 0.3 0.3 0.3 1 0 0 0
117 0.237 0.237 0.237 1 0.0 0.0 0.0 0.3 0.3 0.3 1 0 0 0
118 0.23775000000000002 0.23775000000000002 0.23775000000000002 1 0.0 0.0 0.0 0.3 0.3 0.3 1 0 0 0
119 0.2385 0.2385 0.2385 1 0.0 0.0 0.0 0.3 0.3 0.3 1 0 0 0
120 0.23925 0.23925 0.23925 1 0.0 0.0 0.0 0.3 0.3 0.3 1 0 0 0
121 0.24 0.24 0.24 1 0.0 0.0 0.0 0.3 0.3 0.3 1 0 0 0
122 0.24075 0.24075 0.24075 1 0.0 0.0 0.0 0.3 0.3 0.3 1 0 0 0
123 0.2415 0.2415 0.2415 1 0.0 0.0 0.0 0.3 0.3 0.3 1 0 0 0
124 0.24225 0.24225 0.24225 1 0.0 0.0 0.0 0.3 0.3 0.3 1 0 0 0
125 0.243 0.243 0.243 1 0.0 0.0 0.0 0.3 0.3 0.3 1 0 0 0
126 0.24375 0.24375 0.24375 1 0.0 0.0 0.0 0.3 0.3 0.3 1 0 0 0
127 0.2445 0.2445 0.2445 1 0.0 0.0 0.0 0.3 0.3 0.3 1 0 0 0
128 0.24525 0.24525 0.24525 1 0.0 0.0 0.0 0.3 0.3 0.3 1 0 0 0
129 0.246 0.246 0.246 1 0.0 0.0 0.0 0.3 0.3 0.3 1 0 0 0
130 0.24675 0.24675 0.24675 1 0.0 0.0 0.0 0.3 0.3 0.3 1 0 0 0
131 0.2475 0.2475 0.2475 1 0.0 0.0 0.0 0.3 0.3 0.3 1 0 0 0
132 0.24825 0.24825 0.24825 1 0.0 0.0 0.0 0.3 0.3 0.3 1 0 0 0
133 0.249 0.249 0.249 1 0.0 0.0 0.0 0.3 0.3 0.3 1 0 0 0
134 0.24975 0.24975 0.24975 1 0.0 0.0 0.0 0.3 0.3 0.3 1 0 0 0
135 0.2505 0.2505 0.2505 1 0.0 0.0 0.0 0.3 0.3 0.3 1 0 0 0
136 0.25125 0.25125 0.25125 1 0.0 0.0 0.0 0.3 0.3 0.3 1 0 0 0
137 0.252 0.252 0.252 1 0.0 0.0 0.0 0.3 0.3 0.3 1 0 0 0
138 0.25275000000000003 0.25275000000000003 0.25275000000000003 1 0.0 0.0 0.0 0.3 0.3 0.3 1 0 0 0
139 0.2535 0.2535 0.2535 1 0.0 0.0 0.0 0.3 0.3 0.3 1 0 0 0
140 0.25425 0.25425 0.25425 1 0.0 0.0 0.0 0.3 0.3 0.3 1 0 0 0
141 0.255 0.255 0.255 1 0.0 0.0 0.0 0.3 0.3 0.3 1 0 0 0
142 0.25575 0.25575 0.25575 1 0.0 0.0 0.0 0.3 0.3 0.3 1 0 0 0
143 0.2565 0.2565 0.2565 1 0.0 0.0 0.0 0.3 0.3 0.3 1 0 0 0
144 0.25725 0.25725 0.25725 1 0.0 0.0 0.0 0.3 0.3 0.3 1 0 0 0
145 0.258 0.258 0.258 1 0.0 0.0 0.0 0.3 0.3 0.3 1 0 0 0
146 0.25875 0.25875 0.25875 1 0.0 0.0 0.0 0.3 0.3 0.3 1 0 0 0
147 0.2595 0.2595 0.2595 1 0.0 0.0 0.0 0.3 0.3 0.3 1 0 0 0
148 0.26025 0.26025 0.26025 1 0.0 0.0 0.0 0.3 0.3 0.3 1 0 0 0
149 0.261 0.261 0.261 1 0.0 0.0 0.0 0.3 0.3 0.3 1 0 0 0
150 0.26175 0.26175 0.26175 1 0.0 0.0 0.0 0.3 0.3 0.3 1 0 0 0
151 0.2625 0.2625 0.2625 1 0.0 0.0 0.0 0.3 0.3 0.3 1 0 0 0
152 0.26325 0.26325 0.26325 1 0.0 0.0 0.0 0.3 0.3 0.3 1 0 0 0
153 0.264 0.264 0.264 1 0.0 0.0 0.0 0.3 0.3 0.3 1 0 0 0
154 0.26475 0.26475 0.26475 1 0.0 0.0 0.0 0.3 0.3 0.3 1 0 0 0
155 0.2655 0.2655 0.2655 1 0.0 0.0 0.0 0.3 0.3 0.3 1 0 0 0
156 0.26625 0.26625 0.26625 1 0.0 0.0 0.0 0.3 0.3 0.3 1 0 0 0
157 0.267 0.267 0.267 1 0.0 0.0 0.0 0.3 0.3 0.3 1 0 0 0
158 0.26775 0.26775 0.26775 1 0.0 0.0 0.0 0.3 0.3 0.3 1 0 0 0
159 0.2685 0.2685 0.2685 1 0.0 0.0 0.0 0.3 0.3 0.3 1 0 0 0
160 0.26925 0.26925 0.26925 1 0.0 0.0 0.0 0.3 0.3 0.3 1 0 0 0
161 0.27 0.27 0.27 1 0.0 0.0 0.0 0.3 0.3 0.3 1 0 0 0
162 0.27075 0.27075 0.27075 1 0.0 0.0 0.0 0.3 0.3 0.3 1 0 0 0
163 0.27149999999999996 0.27149999999999996 0.27149999999999996 1 0.0 0.0 0.0 0.3 0.3 0.3 1 0 0 0
164 0.27225 0.27225 0.27225 1 0.0 0.0 0.0 0.3 0.3 0.3 1 0 0 0
165 0.273 0.273 0.273 1 0.0 0.0 0.0 0.3 0.3 0.3 1 0 0 0
166 0.27375 0.27375 0.27375 1 0.0 0.0 0.0 0.3 0.3 0.3 1 0 0 0
167 0.27449999999999997 0.27449999999999997 0.27449999999999997 1 0.0 0.0 0.0 0.3 0.3 0.3 1 0 0 0
168 0.27525 0.27525 0.27525 1 0.0 0.0 0.0 0.3 0.3 0.3 1 0 0 0
169 0.276 0.276 0.276 1 0.0 0.0 0.0 0.3 0.3 0.3 1 0 0 0
170 0.27675 0.27675 0.27675 1 0.0 0.0 0.0 0.3 0.3 0.3 1 0 0 0
171 0.27749999999999997 0.27749999999999997 0.27749999999999997 1 0.0 0.0 0.0 0.3 0.3 0.3 1 0 0 0
172 0.27825 0.27825 0.27825 1 0.0 0.0 0.0 0.3 0.3 0.3 1 0 0 0
173 0.279 0.279 0.279 1 0.0 0.0 0.0 0.3 0.3 0.3 1 0 0 0
174 0.27975 0.27975 0.27975 1 0.0 0.0 0.0 0.3 0.3 0.3 1 0 0 0
175 0.28049999999999997 0.28049999999999997 0.28049999999999997 1 0.0 0.0 0.0 0.3 0.3 0.3 1 0 0 0
176 0.28125 0.28125 0.28125 1 0.0 0.0 0.0 0.3 0.3 0.3 1 0 0 0
177 0.28200000000000003 0.28200000000000003 0.28200000000000003 1 0.0 0.0 0.0 0.3 0.3 0.3 1 0 0 0
178 0.28275 0.28275 0.28275 1 0.0 0.0 0.0 0.3 0.3 0.3 1 0 0 0
179 0.2835 0.2835 0.2835 1 0.0 0.0 0.0 0.3 0.3 0.3 1 0 0 0
180 0.28425 0.28425 0.28425 1 0.0 0.0 0.0 0.3 0.3 0.3 1 0 0 0
181 0.28500000000000003 0.28500000000000003 0.28500000000000003 1 0.0 0.0 0.0 0.3 0.3 0.3 1 0 0 0
182 0.28575 0.28575 0.28575 1 0.0 0.0 0.0 0.3 0.3 0.3 1 0 0 0
183 0.2865 0.2865 0.2865 1 0.0 0.0 0.0 0.3 0.3 0.3 1 0 0 0
184 0.28725 0.28725 0.28725 1 0.0 0.0 0.0 0.3 0.3 0.3 1 0 0 0
185 0.28800000000000003 0.28800000000000003 0.28800000000000003 1 0.0 0.0 0.0 0.3 0.3 0.3 1 0 0 0
186 0.28875 0.28875 0.28875 1 0.0 0.0 0.0 0.3 0.3 0.3 1 0 0 0
187 0.2895 0.2895 0.2895 1 0.0 0.0 0.0 0.3 0.3 0.3 1 0 0 0
188 0.29025 0.29025 0.29025 1 0.0 0.0 0.0 0.3 0.3 0.3 1 0 0 0
189 0.29100000000000004 0.29100000000000004 0.29100000000000004 1 0.0 0.0 0.0 0.3 0.3 0.3 1 0 0 0
190 0.29175 0.29175 0.29175 1 0.0 0.0 0.0 0.3 0.3 0.3 1 0 0 0
191 0.2925 0.2925 0.2925 1 0.0 0.0 0.0 0.3 0.3 0.3 1 0 0 0
192 0.29325 0.29325 0.29325 1 0.0 0.0 0.0 0.3 0.3 0.3 1 0 0 0
193 0.29400000000000004 0.29400000000000004 0.29400000000000004 1 0.0 0.0 0.0 0.3 0.3 0.3 1 0 0 0
194 0.29474999999999996 0.29474999999999996 0.29474999999999996 1 0.0 0.0 0.0 0.3 0.3 0.3 1 0 0 0
195 0.2955 0.2955 0.2955 1 0.0 0.0 0.0 0.3 0.3 0.3 1 0 0 0
196 0.29625 0.29625 0.29625 1 0.0 0.0 0.0 0.3 0.3 0.3 1 0 0 0
197 0.297 0.297 0.297 1 0.0 0.0 0.0 0.3 0.3 0.3 1 0 0 0
198 0.29774999999999996 0.29774999999999996 0.29774999999999996 1 0.0 0.0 0.0 0.3 0.3 0.3 1 0 0 0
199 0.2985 0.2985 0.2985 1 0.0 0.0 0.0 0.3 0.3 0.3 1 0 0 0
200 0.29925 0.29925 0.29925 1 0.0 0.0 0.0 0.3 0.3 0.3 1 0 0 0
