1.0 
2.0 
3.0 aruco 1.7056217518432557 -1.3381601601055264 0.5936965609633871 0.11200774303180507 -0.03507683842829952 1.75081369979929 
4.0 aruco 1.7056217518432557 -1.3381601601055264 0.5936965609633871 0.11200774303180507 -0.03507683842829952 1.75081369979929 
5.0 aruco 1.7056217518432557 -1.3381601601055264 0.5936965609633871 0.11200774303180507 -0.03507683842829952 1.75081369979929 
6.0 aruco 1.7056217518432557 -1.3381601601055264 0.5936965609633871 0.11200774303180507 -0.03507683842829952 1.75081369979929 
7.0 aruco 1.7056217518432557 -1.3381601601055264 0.5936965609633871 0.11200774303180507 -0.03507683842829952 1.75081369979929 
8.0 aruco 1.7056217518432557 -1.3381601601055264 0.5936965609633871 0.11200774303180507 -0.03507683842829952 1.75081369979929 
9.0 aruco 1.7056217518432557 -1.3381601601055264 0.5936965609633871 0.11200774303180507 -0.03507683842829952 1.75081369979929 
10.0 aruco 1.7056217518432557 -1.3381601601055264 0.5936965609633871 0.11200774303180507 -0.03507683842829952 1.75081369979929 
11.0 aruco 1.7056217518432557 -1.3381601601055264 0.5936965609633871 0.11200774303180507 -0.03507683842829952 1.75081369979929 
12.0 aruco 1.7056217518432557 -1.3381601601055264 0.5936965609633871 0.11200774303180507 -0.03507683842829952 1.75081369979929 
13.0 aruco 1.7056217518432557 -1.3381601601055264 0.5936965609633871 0.11200774303180507 -0.03507683842829952 1.75081369979929 
14.0 aruco -4.227542383026375 0.8408554431138916 -0.12372584790730702 0.089608663981186 -0.04412573045529279 1.7798231032464626 
15.0 
16.0 
17.0 
18.0 
19.0 
20.0 
21.0 
22.0 
23.0 
24.0 
25.0 
26.0 
27.0 
28.0 
29.0 
30.0 
31.0 
32.0 aruco 1.9861652203179239 0.5206959913263329 -0.7622875441106328 -0.1273140295451255 -0.05600734948694251 1.8409784963763345 
33.0 aruco 2.0433726237371053 0.4733721046373068 -0.7277474023955935 -0.12857914239417298 -0.05723486331906708 1.8309007891703404 
34.0 aruco 2.076434523587628 1.6032395236966634 -1.8935784779920768 -0.1244102834090125 -0.07629872104570459 1.9180289763095169 
35.0 
36.0 aruco 1.8742607691404993 -0.5657651412122119 0.563342831492185 -0.14490605900868617 -0.06083716377922033 1.7128168336595575 
37.0 aruco -4.131118083729127 0.1271744374917164 0.6177237279912369 -0.13383243511199802 -0.07265129926062255 1.7831699938373808 
38.0 aruco 2.171470352190417 -0.1428343897464521 -0.21452138165357504 -0.1230358522055823 -0.07906295259856273 1.7543892038430449 
39.0 aruco 2.0020010590857984 -0.13581503157950323 -0.23576615850087196 -0.12014141709671784 -0.07929549862846103 1.7605007293117991 
40.0 aruco -3.9789542756436522 0.39461356326446967 0.32158529401390856 -0.11340293683193176 -0.08505027885272669 1.7051401600935607 
41.0 aruco -3.968123571672665 0.22239823585291008 0.5963829799352227 -0.11045025358435055 -0.08543615703004617 1.692293889441164 
42.0 aruco -4.032157920002261 1.0989425094371652 -0.5695542143781203 -0.11650214444525431 -0.08482898940086836 1.7030142459317286 
43.0 aruco 2.127437404403319 -0.035470897941662326 -0.49629105669098583 -0.10364938391895048 -0.0871171114977494 1.678146539899823 
44.0 aruco -4.054031384125758 -0.0014029751771199475 1.091570200622188 -0.10179770032851242 -0.08665714875023992 1.6841287939448149 
45.0 aruco 1.9737699600580292 -0.5697353355264678 0.30428745120670586 -0.10952745536532547 -0.08365118126921606 1.6421939929772948 
46.0 aruco 1.9350742868160058 -0.5462792313725787 0.32336099469943985 -0.10848082207216758 -0.08391978246947794 1.6473955775787648 
47.0 
48.0 aruco -1.325124696737148 1.8991916532922424 -1.979570600639649 -0.12215823974585356 -0.08740186431337901 1.6335035466274193 
49.0 
50.0 
51.0 aruco -3.2479563134704095 2.0263778361394484 -1.4934764542549506 -0.09678813725638769 -0.08420081620179205 1.6731582273359296 
52.0 aruco -3.1166373287900195 2.0890330766404874 -1.5769665674617466 -0.09536788530210137 -0.08299537464549472 1.6533692984708988 
53.0 aruco 1.6161770694098996 -1.3318390835539022 1.0032784699456676 -0.09753708441430163 -0.08425438185033868 1.6796034607834687 
54.0 aruco 1.6423359015637924 -1.3825211569704359 0.9336413008466018 -0.09647617723641404 -0.08454989243562955 1.6813682732945987 
55.0 aruco 1.729188088921216 -1.6527138068600142 1.0472337419861966 -0.0992910476545361 -0.08691399896123614 1.6821489164155212 
56.0 aruco 1.8274512623684305 -1.691488255294167 0.8900958174639069 -0.09661506739142368 -0.08686692416182609 1.6615706845609255 
57.0 aruco 1.840101061944965 -1.7055679347826425 0.8250854994068348 -0.09516140219037021 -0.08659112943792445 1.6505674321594046 
58.0 aruco 1.8554722892930824 -1.7730242114647414 0.7224259414149734 -0.0935868148936535 -0.08637434364142448 1.6284090234225261 
59.0 aruco 1.3320264541103468 -1.3518404342942694 1.2276664122202494 -0.09432790614401218 -0.07763134410678192 1.6357302575958959 
60.0 aruco 1.7610123173486893 -1.5488671615927798 0.7147764109742392 -0.09198559839575965 -0.08624352168783171 1.6802104412644034 
61.0 aruco 1.3010546168292103 -1.44243071447957 1.310419051990911 -0.09269945040355301 -0.0790488136259453 1.6614944977293704 
62.0 aruco -2.7422919172362903 2.4212900604675065 -1.04455446135077 -0.08832981903610458 -0.085878299102233 1.6660484095361496 
63.0 aruco 1.7746407894969267 -1.53746393205685 0.727554899059489 -0.09417701674309097 -0.0859251252298131 1.6794435611273257 
64.0 aruco 1.5321860650260666 -1.407996169603999 1.1592690957688818 -0.10219854474955196 -0.08308324856525615 1.699017290190729 
65.0 aruco 1.5321860650260666 -1.407996169603999 1.1592690957688818 -0.10219854474955196 -0.08308324856525615 1.699017290190729 
66.0 
67.0 aruco 1.7053853527559975 -1.0308057221476226 0.7385898783244313 -0.09634501581264512 -0.08103948549343358 1.678883420546094 
68.0 aruco 1.7349767653823194 -0.9845587107488142 0.6778988366965057 -0.09650065743405419 -0.08087529735620334 1.681831259659663 
69.0 aruco -1.5142457680089683 2.033350920200962 -1.9019242049868414 -0.11819292833958567 -0.08296940601918285 1.6775431536048058 
70.0 
71.0 
72.0 aruco 2.0044429833984174 -0.1958924626512812 -0.552841982219528 -0.10486091032361812 -0.07556894412741995 1.7088054757117397 
73.0 aruco 2.1489508504613704 -0.6296207152804196 0.03972877605524156 -0.11827251143373665 -0.07024699340534755 1.6667602456510922 
74.0 aruco -4.021130498163846 0.5702388004879387 0.9661682185097578 -0.11372587756372689 -0.07016529342797284 1.6858338865772378 
75.0 aruco 2.002620182068907 -0.669098348169254 0.055342395133145816 -0.12422235530814156 -0.06761419749176932 1.6934728168639703 
76.0 aruco 1.9648052068333184 -0.7318766377907238 0.12721560136773566 -0.12404585791830192 -0.06579486105032174 1.6689323989340619 
77.0 aruco -3.9876506474941773 0.5413975552823906 1.1703827805692095 -0.11463392350390977 -0.06661129865191051 1.6441668693130314 
78.0 aruco 1.9361299564320154 -0.30390702610357834 -0.5466691736674543 -0.11724337093357848 -0.06779079279564959 1.67737194677257 
79.0 aruco 1.9692715886885142 -0.8109279223224924 0.22157632760560894 -0.12356086798596613 -0.06447804756199459 1.632882901317162 
80.0 aruco 2.0045197192997706 -0.7466145919344889 0.1336294518722707 -0.1239252879594603 -0.06551945083717653 1.648446398216651 
81.0 aruco 1.9978018568394345 -0.7621727079312619 0.16035850814174962 -0.12403250511639494 -0.06546199786071842 1.6532952136666303 
82.0 aruco 1.9748715478495185 -0.7921562291681535 0.18248838117495486 -0.12436432106546708 -0.0653761653944561 1.6582392350101838 
83.0 aruco 0.8827601929230826 2.5234374674032867 1.690048896903559 0.12163930564075257 0.06502252175643129 -1.6314250438606634 
84.0 
85.0 aruco -3.8744750387135296 0.46610015073679917 1.358229104684411 -0.1192874304033244 -0.07323044668165579 1.7091273414408257 
86.0 
