47 aruco 1.3015851213290726 1.6443638169849444 -0.8200277759052127 17.815095886517934 -31.57472922835974 1061.9795130943392 hand 1.5717671251350782 -2.4225176815382663 0.0 250.27666854426923 61.249813460154364 1162.8260496558926
48 aruco 1.1912124235107233 1.275127244327482 -0.6875347403940757 66.6016567264427 -41.712744418641556 1108.4469968001683 hand 1.5640475524330704 -2.1463597172139495 0.0 248.8296022604784 61.18473798939538 1153.0138217694684
51 aruco 1.1622083997966064 1.365221845803803 -0.7476427519628509 83.39430868141986 -42.68678653382792 1111.6773982442483 hand 1.4673896312629184 -2.1500660881946034 0.0 248.24899071063462 61.23025174683303 1149.225567857338
52 aruco 1.1026222945067954 1.4145381720989254 -0.8114179093203895 97.7214005823821 -41.799826273067424 1108.8917163993312 hand 1.3970569572920795 -2.1617836311876455 -5.314844455694211e-16 248.0055063486368 61.49932958369479 1147.4835736151697
53 aruco 1.03596211772923 1.489473152492699 -0.8758880797722586 111.71306743973592 -40.48791102256511 1105.8954761980901 hand 1.4515053888008822 -2.0938731100637473 5.055346694688289e-16 247.67691156776456 61.68852194829153 1145.5033343315636
54 aruco 1.0120752582032004 1.5064688731242482 -0.8874649021434504 118.59867060387592 -39.80729896848555 1114.1689433638983 hand 1.444122490896769 -2.064446424944943 0.0 247.66584700337987 61.713164690834766 1145.5368194834357
57 aruco 1.0356205793272721 1.5723321481997832 -0.8466299609638437 130.872344880087 -38.153672459468545 1127.0507864341912 hand 1.23289651834107 -2.1707115892316966 0.0 247.88472240508463 61.61513416438305 1146.7831640715588
58 aruco 1.0367489436864195 1.5789585044988086 -0.8332698544980249 143.89702031251565 -35.447031566135585 1134.7331325444386 hand 1.0665330756467781 -2.2223245695362093 0.0 248.08299909153604 61.50803048257347 1147.5597674841458
61 aruco 1.016117531692019 1.6283425625305794 -0.8342651338985289 162.91058271517133 -30.129338630759474 1144.6907999277914 hand 0.9204405351958488 -2.323596141363185 -2.315897045373067e-16 248.2546545815652 61.68449137849489 1148.0153256101921
62 aruco 0.968642335948368 1.6487575442464244 -0.8639511699006971 176.2312276623724 -25.854657731770104 1152.2811289298763 hand 0.9546997188052498 -2.3358079023123897 0.0 248.5091313435196 61.93256272611345 1148.7591051581003
64 aruco 0.9311474902886367 1.7028447858412257 -0.8870072616121407 188.87693073260644 -21.227938504308984 1156.2999699001648 hand 0.860034846708711 -2.4241028145541756 -2.648214518970758e-16 248.9184848945364 62.21369188731748 1150.7146526149945
66 aruco 0.8694032835511447 1.6923616324432087 -0.9483908405115471 194.1918982161716 -17.551878619773778 1142.5488444058376 hand 0.6433130487768298 -2.4261018707884867 2.3596218150688367e-16 248.785540220392 62.18852498749758 1149.228474210392
67 aruco 0.8189703803585433 1.7121512355571287 -0.9964430755947761 199.3651247032815 -15.175927621962131 1132.713187357861 hand 0.431357986190471 -2.429143412723493 -1.0965704782588145e-16 248.52400653969434 62.09344197190156 1146.7128859523273
68 aruco 0.7871239761261973 1.7380220893102147 -1.0302052108550892 204.13746382987608 -13.94183481441982 1128.4919380914762 hand -0.02479877440887804 -2.4536590380047048 0.0 248.65298390479606 62.205486100268466 1146.426377261022
71 aruco 0.7997106496612344 1.7422651210997118 -1.0105195140666405 207.58831237997745 -14.066262425903536 1133.4861241033889 hand 0.41771814042099314 -2.4563549564841165 0.0 249.12947587119052 62.40346723345623 1148.9309686109023
72 aruco 0.7967647947033522 1.7913162937013951 -1.03017975907013 212.53179149142724 -14.017629431357703 1137.9954314947645 hand 1.2341287216755346 -2.195502394453696 0.0 249.78025196819343 62.574395973053846 1152.5222175717247
76 aruco 0.9816404475518334 1.920684145010886 -0.8604494440504747 216.64169653812192 -17.32152556887436 1127.1412245415122 hand 2.030584749024347 -1.6032129641843775 -5.456268615877274e-16 250.2989288390896 62.58152319509849 1155.659719993848
77 aruco 1.186411146961482 2.1058859325823684 -0.6534132729172962 222.70371703059377 -21.45156111564147 1120.6545645164017 hand 2.2176436273153373 -1.283284953470097 0.0 250.11251187652644 62.51149026744216 1155.1940021863547
78 aruco 1.1368606779593062 2.047309289543669 -0.6892157830833141 224.27586444579413 -20.236500414123658 1093.8525402904706 hand 2.4283201667178047 -0.9502864589298252 8.532615816718888e-16 249.34641618437516 62.569241795415614 1152.6030677297001
79 aruco 0.8681943683476141 1.858933358164433 -0.9385565483511955 226.3035654639617 -15.401282784919788 1076.5318687665178 hand 2.4852967898393157 -0.1944834246548009 1.7179127711114477e-16 247.55066200616804 62.49907560293412 1141.787404394134
80 aruco 0.6165612938342844 1.6780163734151938 -1.1357134876582409 228.0833768473892 -10.221959056874828 1060.7691380052502 hand 1.9210092251899222 1.5507415496313035 0.0 246.95337074041728 63.05556868267977 1136.9497889336972
83 aruco 0.8935064992586716 1.8863477165847833 -0.8885457145341402 230.6472563283188 -13.366526820675395 1043.1115062897904 hand 1.7476424394844319 2.0436079859556378 0.0 248.43624763863917 64.74663386848096 1138.8963447338472
84 aruco 1.2327799696484547 2.1284565147774472 -0.5294248360219758 229.29169652844507 -16.197693299028202 1004.9657265496899 hand 1.694804882263023 2.188907908010166 0.0 248.66828257076796 65.97702094132343 1135.9304002767337
85 aruco 1.5217719124906761 2.2646287854483114 -0.15879352396499408 225.35901593709147 -19.219784877110296 961.703987603587 hand 1.7694140571608987 1.7421821805374658 0.0 286.8830578778761 49.36732301863097 1365.1715561065582
86 aruco 1.198893622136463 2.1568580642489987 -0.5370149782799025 220.9206180169715 -12.775674097458953 931.0294252335228 hand 1.3252957556985765 1.7794606363006358 3.089513323523704e-16 285.69446360058413 50.16435572084432 1354.4076674257647
88 aruco 1.223254993693116 2.1484476832121757 -0.503508821065597 217.13767898145497 -12.04710112311271 907.7856696691774 hand 1.368395613219393 1.556769830416982 0.0 284.95913401806433 50.973391645021195 1349.6093464572834
89 aruco 0.7234630505093124 1.882164517541205 -1.0151321019472523 212.25851183364736 -4.8789013196575715 876.6619885607582 hand 1.4727286127676025 2.260618343748107 0.0 256.0061656427957 73.37489578862392 1164.5126585068922
