47 151.64833650621486 156.39193662286982 159.2769494263173 0.2123401788928583 0.439859137109378 -0.264097919170702 0.8316777483008955
48 117.51576913982143 115.52509584523888 136.47385881822402 0.005016030719227266 -0.4468532467422657 0.4269748917446587 -0.7861230547003163
51 118.18079223140222 89.25066130310213 132.11094533682035 -0.04347633792086794 -0.4282134834672565 0.43093876527224284 -0.7931171421697193
52 114.47645934974628 67.8028842251507 130.5498703007661 -0.08446419043068742 -0.43454845760648797 0.43497145415449756 -0.7841130483529991
53 101.26041214938681 62.27110909174095 127.92032948073972 -0.09810502150175629 -0.4526432100728707 0.4023752054174538 -0.789673174925126
54 99.46625108771065 58.34334223470486 121.04215599961572 -0.09835177315288537 -0.45052277347718245 0.40511501775360736 -0.7894542302670908
57 108.90639566513823 28.54601432045871 106.58142448883041 -0.174863665362025 -0.3940711992073765 0.4654056703921222 -0.7729994504902815
58 106.59092428907127 4.200521517299791 95.0802570099188 -0.2122048962119925 -0.36092611712012934 0.5126561806960834 -0.7495899281596229
61 102.24806460467937 -17.503409442508 70.45144709090539 0.28923664158103646 0.3466988930135027 -0.5337043417658255 0.7150536471695265
62 97.81178281152046 -18.267558457653834 55.15657294411403 0.30488996347649605 0.37261198534982054 -0.5179685977859494 0.7070438107024368
64 89.47805758861307 -30.39434394826074 40.84789766796371 0.3738509750846073 0.37684967836834127 -0.516174701096579 0.6721483811553989
66 69.46562212367348 -46.8444463533464 48.618312988840444 0.40100549494917864 0.36564016991949394 -0.5678932848088052 0.6188691915347487
67 50.80262237757137 -59.518588422005934 49.59610764353545 0.43795257416024846 0.3472015139004381 -0.6093345331388246 0.5624589569525466
68 21.637264222408703 -76.81591746738722 41.62731962262865 0.5123567240031238 0.28271463143081244 -0.6831275499015123 0.43692078814046326
71 44.45973711776338 -61.8447520346552 44.837366798596804 0.4623881690789241 0.355212996224885 -0.5987890630129654 0.5490651750246368
72 65.94089309046592 -18.587558941444655 52.64138056885531 0.3132347292823219 0.45513220043774044 -0.39860408476210996 0.7320201282117123
76 52.85406469588753 29.669743013880606 68.2404957881846 -0.050464661576797874 -0.39712476094524674 0.18843777840316162 -0.8967923092035306
77 42.60470362886326 37.02721527502314 76.20914213331082 0.07942592112053071 -0.25043807471505836 0.1730793659675632 -0.9492185348292753
78 22.51939357367968 38.80350818944419 94.46752165163764 0.20654264633454036 -0.2860310559181627 0.09022956851537635 -0.9313350606849261
79 -13.203375494713498 24.890067753500148 99.9216957484648 0.41004791962176035 -0.32180172924479994 -0.0862607295633565 -0.8490367702309013
80 -39.60834931464092 -47.58751376549321 87.72554653699433 0.7576475434748534 0.0012478763017557126 -0.4057805953436593 -0.5111856327341382
83 -39.72052563628773 -59.35786103556512 102.42935876447837 0.8790303104325348 0.07518870252638701 -0.36886406023193413 -0.29256055342867415
84 -35.039618000102905 -70.04730452341244 134.70516623716128 0.962941010866838 0.056946917483818214 -0.21017367192036937 -0.15914988473559138
85 104.513345833617 -237.2198095869427 322.6130816041572 0.9719252163866022 0.07726360801211171 0.08928250620739822 -0.20351988284718772
86 224.41699636029443 -278.3218076428094 244.09059285862213 0.9614096089444544 0.18473915392754903 0.03619832324220112 -0.20063073102059448
88 233.48381932880693 -327.866848103184 204.37252669842576 0.9416924297094534 0.18518564886982178 0.1084348834920015 -0.25915925475013474
89 50.09702163349061 -139.39093645004004 262.5947018184904 0.8642958447170668 0.16814411093308326 -0.40030356959044955 -0.2539238132520833
