6 aruco 1.6041590959578091 -1.4899438253622401 0.4384308508124605 -151.42717733262734 -129.49592754987765 1184.5413746774018 hand -0.14265905760937203 -3.016433429592238 0.0 236.08287625272507 78.86110425138413 1173.7006623551226
8 aruco 1.633333516254534 -1.4606582169596956 0.43145205026284805 -144.92397922543975 -125.16323598392557 1166.5547027670016 hand -0.511895169795483 -2.6763458812221725 1.8684490329643362e-16 236.79930986658118 79.27267152689818 1178.1251316703112
9 aruco 1.661769716330288 -1.456651609914911 0.423091254874746 -140.74342786637072 -123.39078283868862 1160.6039760263322 hand -0.26482624941215743 -2.745183646028007 -1.0224888682864635e-16 236.60251490985706 79.05469135436034 1176.5271888839404
10 aruco 1.9054487929136776 -1.1734691453288488 -0.08642384718973307 -129.42613217056274 -126.0251971696678 1156.623918204188 hand 0.010011296526963568 -2.820340010610369 -7.747773455851644e-17 236.64391103224355 78.97729778296709 1176.2522145564496
11 aruco 1.9408795459418127 -1.1547358278152202 -0.10151324518572062 -122.71068283073794 -124.54194993343374 1148.811598314514 hand -0.047853220268753716 -2.8873000557903703 1.9943524071884564e-16 236.50632321568972 78.95235265630016 1175.7043064964885
12 aruco 1.976186992457213 -1.1451222656814046 -0.10212195436669394 -116.78688448420196 -123.10909033507811 1143.3803787503432 hand 0.08546441198344047 -2.835907609131502 0.0 236.47623843845886 78.89158653486324 1175.9856263291213
13 aruco 1.7627886920344096 -1.4306600423667073 0.4098209566175387 -120.8433703151175 -116.53194572295801 1129.1514885127656 hand 0.06232135825191224 -2.815274003740969 6.107966366669592e-17 236.40566533949422 78.92562160900125 1176.2540986355468
14 aruco 1.769231137772755 -1.4314453564343903 0.40721543983937025 -121.35968897804675 -114.4759208695183 1121.7001878215876 hand 0.6695249490066615 -2.679352081611241 0.0 235.83458185884152 78.62482677423013 1172.8484620239703
18 aruco 1.9096102010556266 -1.1191250124892156 -0.10954951199937482 -104.50296485735096 -109.29167368797471 1110.0098839443656 hand 0.6740183480802815 -2.676704603047479 0.0 235.6762629434896 78.50438439479863 1172.0558858952845
21 aruco 1.8813197622780586 -0.5488231263855518 -0.8161326531629252 -79.19633675327404 -99.45009602407394 1096.920305896528 hand 1.2102527579450273 -2.5017585333503387 0.0 235.20626807141014 78.22687703988726 1170.2077997518945
22 aruco 1.7502254274994782 -0.13641890420705147 -1.231187170912673 -52.81526337435066 -88.87051114677656 1082.8036408585483 hand 0.9493249169713234 -2.684885614940875 1.0917079913662131e-15 235.04220221262372 78.19561954736372 1170.182644873631
23 aruco 1.9060358894533744 -0.4753454712512944 -0.7686200636172074 -48.77160722747985 -78.56638865884864 1066.6664963204369 hand 0.6757753916534344 -2.8970039632766564 -9.945273990998763e-16 234.8246607379377 78.24161147713623 1169.629820499654
24 aruco 2.049192084294778 -0.9495876657538778 -0.04070484417660938 -49.34264362882382 -73.18325380930736 1066.9656817831453 hand 0.15731723208144208 -2.884012931153481 -7.997689484444166e-16 235.0097904286857 78.3589183289843 1170.6746900453695
25 aruco 2.0513720965507205 -1.2295612313807316 0.46489595824020546 -50.925938352746186 -69.986347172101 1078.2212884306232 hand 1.038643440567107 -2.9267629023545925 0.0 235.44309477180056 78.51372593568642 1173.3033386684501
26 aruco 2.1227622298831 -1.2061240051868551 0.4367266370833123 -44.902258950997826 -68.71934684846384 1095.8470707364916 hand -1.229715857058837 -0.8323114453155256 0.0 235.9945483632197 78.68457624465053 1176.2196574401103
27 aruco 2.1257890139643543 -0.8483362761927222 -0.07663152550188829 -32.57538872071861 -65.28350785546652 1091.6744204950953 hand -1.4762173867903945 -2.609065574394504 -2.321576607005459e-15 236.12534657450132 78.75333527910381 1176.7522345345517
28 aruco 2.1307950167193312 -0.8374488223131457 -0.05606840247927191 -25.721164458511492 -60.843143085263954 1075.3664315965673 hand -1.6032763124708103 -2.540180008078569 -2.4284921482681692e-15 236.14501564144845 78.78485161905742 1176.4880967293984
34 aruco 2.0389456501476637 -0.959206162276621 0.4269527118091563 -1.7047147634061564 -52.38977161638729 1060.7044122730706 hand -0.7411030610063684 -2.8615824801731966 -8.892010769468688e-16 235.8770934185013 78.81163715109443 1175.6956900886391
38 aruco 2.0191115153261547 -0.936940484098741 0.5289754173269888 38.25480141840611 -45.262532012508494 1079.0603177985406 hand 0.29119833391256766 -2.883659009501945 -3.3396756797195943e-16 235.77472496139762 78.95226556059318 1175.972752560477
39 aruco 2.0715565388385757 -0.8754835025371558 0.6715915552510465 76.18960201679505 -39.04214858940025 1088.4378188449327 hand 0.656316818048277 -2.7472722395287046 0.0 235.88053591586697 79.16524398749885 1177.5803592431755
41 aruco 2.1916948126305935 -0.6946634110297023 0.24972306979127776 95.7488216178378 -37.69658218597065 1098.3524837498173 hand 0.490592603173323 -2.747584153401136 2.255763417828952e-16 235.9657192752695 79.34555345462901 1178.3836821047441
42 aruco 2.177281597116453 -1.033237118836711 0.8567667098911108 92.79494989007561 -36.461822159404115 1091.0133482900228 hand 0.3350470235046707 -2.7374720180721974 -4.0896256637113563e-16 235.96970107314473 79.34343914916862 1178.1260074322718
43 aruco 2.156272237858411 -1.0921259687707634 0.9475463542953435 98.13504572747637 -35.07151346077265 1091.4236046444341 hand 0.4814091741529461 -2.6853505698608253 0.0 235.83407365858866 79.31347092209647 1177.3399715895723
44 aruco 2.0954541532657216 -1.0663797970862137 1.010731999847351 103.84991378965395 -33.11015097273695 1093.8671937870158 hand 0.4322352180182038 -2.723012906311529 -4.0804156275235033e-16 235.84276452761904 79.28950407308126 1177.3334297176182
45 aruco 2.082630717166892 -1.1526626369764819 1.1114984013097453 106.54922769276554 -33.05824755929977 1088.345734117167 hand -0.17238028759586618 -2.769877706968267 -2.150331843752523e-16 236.27730492333114 79.59393557294214 1179.9934310306496
46 aruco 2.1290849854089657 -1.1973746702498107 1.060125607531814 111.81734275554318 -33.58517445090592 1089.6983698926367 hand -0.32126738835626717 -2.741496395190499 -4.1171688625884577e-16 236.3434182571933 79.66271048792333 1180.2609685276022
47 aruco 2.069459650910555 -1.1671127199526483 1.167043909900881 116.8778857830229 -31.66052049605624 1089.9786452078094 hand -0.3042393234858114 -2.6700813056678308 0.0 236.41429133547717 79.72162498522766 1180.8122183683336
48 aruco 1.9907184034337218 -1.035678091471608 1.2137616835166032 122.76158923045392 -28.936354539436508 1090.908953155804 hand 0.13639432416021968 -2.6204580081577395 0.0 236.07953135435602 79.56451116491596 1179.2285601489643
49 aruco 1.8247637128801453 -0.9104469982537278 1.3754934250537207 127.90451420769273 -25.04421417947742 1097.2375369804956 hand 0.23969630495318833 -2.6404835083921268 0.0 236.17886774002287 79.62734835546297 1180.022073325714
51 aruco 2.0124849913033414 -1.0376121758146553 1.2356561265879076 136.24054312220173 -25.095985575667513 1097.353043758532 hand 0.35256536035151986 -2.6287153004663564 1.5661290988876207e-16 236.33853599626028 79.71539984639548 1180.8297860149678
52 aruco 2.1984688686140803 -1.207485235644483 1.0564180170246862 147.602338912553 -24.680353443099076 1105.07658607368 hand -0.01428185467284314 -2.7281050352136424 2.3558544387379438e-17 236.7116239009072 80.01894514062214 1182.6797360617948
56 aruco 2.3399451181895476 -1.372319021024121 0.8938549401896222 162.62507893392794 -26.00528035323587 1104.7230818494008 hand -0.29850588193615585 -2.797849953803714 -4.850402974417118e-16 237.17535437342374 80.28507633184198 1184.0014116926807
57 aruco 2.2857826890904813 -1.4048938600982528 0.9631990170088482 175.32548965946853 -26.757008330248407 1117.922956357981 hand -0.8269714075959116 -2.7321248267829086 5.596705355993163e-16 237.74555508120008 80.62357797173654 1185.6057774476562
58 aruco 2.2749719663594075 -1.367226126570562 0.9352636676168328 184.90566440211344 -30.57613009273149 1125.1250169133298 hand -0.45145952732927863 -2.8045345350543567 2.6597596824387214e-16 238.0030573152094 80.56699654770202 1185.071013313773
60 aruco 2.1547208466498646 -1.2024019258632284 1.0355703507636758 188.7247982615411 -31.252716917895622 1141.8319912112763 hand -0.4527200518076299 -2.8046011816331675 -2.662294268349199e-16 238.16460589982884 80.54649729548926 1184.2655761709136
61 aruco 2.066706374290912 -1.0439010763491514 1.0874217273197055 192.21462368552548 -30.96600827792435 1150.074791778629 hand 0.3129640693528996 -2.9063512638203495 3.743948491559041e-16 237.99366409881824 80.20921739654263 1181.831557379592
62 aruco 2.067421506701242 -1.0507562210712822 1.1023255820036812 198.41849955500484 -29.752694469451452 1153.3315424192717 hand 0.11161056547720866 -2.962972756644896 5.858186092073935e-16 237.79659103575543 79.9812674177232 1179.6869455755814
63 aruco 2.181381796125164 -1.1570861663069874 0.9851735605999559 203.5445049907489 -29.82142034465239 1146.352017047781 hand 0.9001110387645604 -2.8724193413637606 0.0 237.63928931279239 79.70182430711263 1178.355439976681
64 aruco 2.2912746625179192 -1.276924732341968 0.8465592154225 207.27107537185483 -30.784538863765892 1135.9761207652512 hand 0.35741460828551097 -2.990514529133182 6.458572989369005e-16 237.0468168461463 79.34144397871363 1174.6434275493032
65 aruco 2.2722702884600836 -1.2675101091905685 0.8614977103744071 210.06067316743886 -29.895282474325587 1135.3194756649339 hand 1.9699044488362192 -2.260702032821384 0.0 236.25913616702758 78.91571904245687 1169.6802521334303
67 aruco 2.168778795622264 -1.0762443503571408 0.9311983769858917 213.353853604616 -26.41871850010291 1128.9552081934191 hand 1.0577285593873724 -2.6940444412741407 6.562189704699199e-16 235.81640611239027 78.86878527167539 1166.780880346351
68 aruco 2.0313284184416056 -0.8739101093649543 1.006974712546542 216.46224903123698 -22.396199752632565 1119.7586390706267 hand 0.8394350070535406 -2.6972337122440853 -5.034316425894172e-16 235.8671811376902 79.22080421987766 1166.7872644265715
69 aruco 1.910285435915588 -0.6724244126677225 1.030364993608312 219.36952455410915 -19.72374475512868 1106.6160818727521 hand -0.12698809356119536 -2.899438194910776 0.0 235.89572442738094 79.62263819722654 1167.022356213852
70 aruco 1.8703656830715636 -0.6470223240935852 1.0550025185233765 221.11704398514306 -19.239189062568187 1088.5916853554154 hand -0.40950711378010024 -2.7981856598632717 -2.544447507548629e-16 235.97848115094084 79.94979092274798 1168.883524515183
71 aruco 2.023082217301627 -0.9096236501191679 1.0202065145659518 225.15234763922922 -22.926650461776532 1081.3690053598484 hand -0.6220853812800926 -2.675098588691971 -3.96089123903349e-16 236.26343458381868 79.98469755466897 1171.8098967081323
72 aruco 2.16701970066936 -1.2196858325683704 0.9717861933146046 229.60694662200254 -25.541986345180806 1080.242120355438 hand -0.3940240060924725 -2.5056588938570066 -1.2375329645762258e-16 237.27047752037902 80.37666695491951 1178.7302804121928
74 aruco 2.3197502458668824 -1.5596173473194328 0.8253464389567357 231.67066064181026 -27.06456725423065 1055.6838221105158 hand -0.5818836140155443 -2.4565677398253585 0.0 237.05237017516615 80.24872082341793 1176.3620797183767
75 aruco 2.3409551929189196 -1.5914023449081072 0.7792327504897723 230.33035224083756 -25.00460117241921 1022.244987617456 hand -0.07549092763730551 -2.6276161102087516 -1.1151594753464492e-16 236.87867227283664 80.27440897078424 1173.1683679974287
76 aruco 2.356337543512714 -1.6621809351273094 0.7392161566658272 226.80836657655433 -22.730956888847384 978.286586728498 hand -0.272640239161222 -2.5201155706698564 -1.23383181840399e-16 237.2676670243593 80.72515742456385 1172.1706557004097
79 aruco 2.3052038498614174 -1.7017041048693535 0.7708999931697107 232.11264439509853 -22.548711039293533 991.2941079356491 hand 0.9752217352847324 -2.292515970233038 0.0 236.75646547240487 81.22422171485631 1167.6160047614328
