3 -428.71061637118805 -135.18568762322082 157.747380302863 0.08623999111816161 0.6398876803525255 -0.24393702806297943 -0.7236028930323626
4 -455.7820584447545 -73.33272639016855 133.8082335952273 0.002682378707859756 0.6382632728893516 -0.26743118575927083 -0.7218679659109628
5 -354.7908672708059 309.5722482684695 -86.49696603160191 -0.2726848655133476 0.6007026341409285 -0.5859667889907302 -0.47057648863496204
6 384.02553313991905 -238.70601265503134 143.47992927620908 0.6609135699883573 0.23930961170364978 0.44369132440003034 -0.5559336034128898
7 68.15260328944225 429.379926534916 -196.74117013369323 0.5517295221055357 -0.4025537823180574 0.717973210635223 0.13438547387561323
8 69.08280032760211 469.2280233849266 6.993589519936677 0.7413762144468152 -0.33760928123497713 0.5396105138261801 0.2126070912381763
9 -152.43317780672726 442.3012074343633 -88.93026430075747 -0.528993078405431 0.38805987848038265 -0.6520511725834905 -0.38000673947369834
10 52.37551289255413 468.6583407858758 34.578510021360216 0.7544697437510065 -0.2228787873569097 0.5456619952463478 0.2887099562785786
11 92.10125169063451 445.5158430581473 -140.63507040886293 0.6205435310509552 -0.26254317836285185 0.7173436707891212 0.17724238642247134
12 327.17384705465736 327.0007118137907 99.29204395490683 0.8392093965478836 -0.12888562284217292 0.5267537706783081 -0.04057770381017972
13 106.53615031842969 441.5812391612295 -142.13112254797738 0.6103935325180851 -0.371383647357355 0.6862481502705323 0.1362255416062414
14 284.5941025092478 339.9838484198352 157.6512282107426 0.8818335261787794 -0.11097491021218989 0.45831604693579037 -0.0007762291200179433
15 36.26841454765497 461.85208246735334 -100.16695436034763 0.6267515438178624 -0.38952671050376775 0.6406818516413398 0.21208066650089574
16 293.121930077793 331.57146310018004 156.7880022526615 0.8810983265197829 -0.10421263980072477 0.46116477208600776 -0.011511633101470825
17 56.51530414119179 447.03319121695887 -151.74914695170764 0.582582475007992 -0.40096021927169 0.6851865429049399 0.17420666978372984
18 361.19104733685543 238.58896381433166 184.85379751417918 0.884006505517384 -0.029684473075724194 0.450063208395608 -0.1228594266216941
19 62.24581784090901 447.63708352689224 -147.61038560022348 0.5937416160605389 -0.3948857240374897 0.6804162556451238 0.16902626234723658
20 17.455080282751624 456.4931761216307 -126.50401959934186 0.5976130509556713 -0.4070318449000141 0.6553308734541514 0.21846090007725452
21 4.194617408311046 459.5927085918696 -112.6953006785808 0.6025138235007664 -0.407509008014184 0.6444107275893706 0.23589895092077257
22 -83.01621584449867 451.34794582082293 -111.44569410164263 0.5478268754041454 -0.4528983983622116 0.6338094412110512 0.30504810698906076
23 -120.84865640728998 439.75330055784593 -127.6378744187225 0.5026339395852815 -0.4780155145103938 0.6450470020522717 0.3205848652193674
24 -123.60781137173171 438.1565397358912 -133.75184286960155 0.49510981484368705 -0.4824691819261019 0.648179026036329 0.31930191033503663
25 -137.5403316464084 437.6495796812642 -135.45765641434787 0.47917862676138606 -0.4895085953616841 0.6531176692968843 0.3228102984328548
26 -70.6316956167799 457.0658464197271 -141.58283969129513 0.5059129595636339 -0.4603479836309548 0.6765141167262168 0.27287444215724155
28 -223.771619267519 402.0144849241864 -167.00322642964704 -0.3224980618624281 0.537765221182803 -0.7022293901772342 -0.33716086746907364
29 -195.08030677996481 397.6709490042539 -187.74239811064712 -0.3450718992833012 0.5146697929567082 -0.7181085291858468 -0.3167972993152782
30 -187.4504540522479 387.90356599737675 -201.80857251173313 -0.3554438592921587 0.4908176123689883 -0.7317780073066693 -0.3118632429482226
31 427.2361038474933 -153.6321904239639 126.40812461569158 0.7637973317971498 0.2623887966651285 0.41925051758528553 -0.41472250822525986
34 -28.59821998897121 413.26794788582583 -233.48031346560924 -0.5093853461955719 0.2884943099237046 -0.7738130840169058 -0.24189029171735646
36 450.4687898497573 -57.057282980916476 108.38167053643065 0.8230879166467567 0.2661595553289953 0.4091933781473328 -0.29025187657885543
37 -84.73715285343792 406.25670719336813 -214.68137474610887 -0.5090135403357942 0.33399240285320025 -0.7379839940516704 -0.2910909052421775
38 380.65014337850903 -162.56738191078162 204.3277616189148 0.8226686520557582 0.3327316637452218 0.27323223182818596 -0.3712816671427322
42 247.73227319772337 255.77827161558557 270.7664406391682 0.9346190553883635 0.12869447720191618 0.295459004415714 0.1504291512718309
44 42.7694813776925 130.7555931005137 404.7283035797 0.9275845217590121 0.24117331190091135 0.00808698261395737 0.2852314662376016
45 63.750991744766 148.69774017578743 379.32483933336346 0.950760212653583 0.17755574441871447 0.06628286840120223 0.24522552276494064
46 62.5330710978385 140.181043053012 376.89966737922293 0.9773546721320665 0.14260246982001085 0.018548371145474224 0.15523639518715834
