35 aruco -1.2417857323414625 1.6666991628623449 -0.9969570929704126 -153.04053511351287 1.0852591525134674 1274.8710370079987 hand -0.3213341215500077 -0.6036957016997673 -1.502165631549725e-17 173.11170315629818 30.27417100707757 1019.1746074419434
36 aruco 2.1582800871948282 -1.395799856723865 1.7617616848867585 -122.14021476580861 -4.060855292792713 1252.2300110358567 hand -0.40824063479459555 -0.6887591052238861 0.0 170.93434597133697 36.18183356463214 1051.009592222973
39 aruco 1.963437437406444 -0.7923067495552797 1.6766896247370418 -77.24213501079879 -10.010284721382945 1224.5926352930708 hand -0.4711484931317244 -0.762683917839998 0.0 162.59025744698764 41.93472585154413 1072.9809644721972
40 aruco 2.033993460088656 -0.7623640728414078 1.598049488636593 -57.70228267851481 -11.154143867766999 1215.5081282867623 hand -0.4537060274155067 -0.7448927028546767 0.0 156.27464213498055 41.13670348626791 1066.479355897359
42 aruco 2.187141950496038 -0.7898846120037704 1.4470357590329948 -36.655853937740964 -13.34027972839715 1210.1933229078354 hand -0.44714943987619965 -0.712656700690043 3.132206007314745e-17 150.066773606917 40.4172553236041 1065.5162420949212
43 aruco 2.365108357330713 -0.8211721300383418 1.1976236752588976 -26.729312298951687 -15.360462014346327 1208.6432546356707 hand -0.48916729173101736 -0.6788925866304779 0.0 146.69155200793142 39.60968722166027 1063.314590984886
44 aruco 2.3594392396277337 -0.8001709420785746 1.1868558423165882 -20.092357689649912 -15.574541367701967 1206.4411763491473 hand -0.5310928560215507 -0.6119352709385586 3.104249468726186e-17 143.43508094508715 39.58125381585888 1066.1322718669628
45 aruco 2.252811682410298 -0.7965061545228581 1.3553177025962804 -15.765906764346495 -14.907232956954296 1201.05845950057 hand -0.488999591780503 -0.5949031566810686 0.0 140.39072028716734 39.927383743552525 1069.1317259669675
46 aruco 2.118573618010169 -0.800879035695023 1.5593404203109555 -12.423572643139062 -13.594898307775294 1197.8481962702774 hand -0.44710854227348856 -0.5534281986424608 3.024323704552011e-17 137.91153191040564 40.15206959243758 1070.81935385007
47 aruco 2.025319306126523 -0.8722923404262779 1.757915901485511 -10.560307598328945 -13.85971633523439 1188.9360420471814 hand -0.33004203206037097 -0.5438742832686608 -7.430038340463427e-18 135.6002007249489 39.711113925029466 1065.0958303693824
48 aruco 2.0557677992105945 -0.9073206828704886 1.7672725500539501 -8.370559480258203 -14.45964628748681 1184.889399482667 hand -0.3601680800320474 -0.5249623420971238 0.0 133.7336982331517 38.850965285027684 1059.68072283787
49 aruco 2.092264933688245 -0.9908072357563648 1.7977128633813186 -8.07505525653591 -15.553515194212087 1174.4236880693886 hand -0.44215327804007337 -0.5965671037354796 3.048046985463367e-17 132.70451628798074 38.089637590451 1056.9954740375058
50 aruco 2.1457022527918674 -1.0530100425966162 1.7791856603863252 -7.143032757519219 -16.604583043560805 1177.9216052483255 hand -0.5129314689027625 -0.6196570977580836 3.099137503490128e-17 131.86931783683897 37.01327254222158 1053.4419080711884
51 aruco 2.254409180382323 -0.9626003674985152 1.524424808389893 -2.6566544879394582 -16.514336991345264 1180.1344304563381 hand -0.541470258221691 -0.5942373307431958 3.098723928545367e-17 131.64060223408003 36.25637078299317 1054.0933569060387
52 aruco 2.300879743152903 -0.8012650314517866 1.2633280713180113 2.5699420089683893 -15.809498308539823 1186.7480240590003 hand -0.5038505859308857 -0.550321962780827 0.0 131.25387152398233 35.541351319762164 1054.4233512933326
53 aruco 2.2676240956501554 -0.7698208600895575 1.2729981304661993 5.766875422183261 -15.025277706651359 1184.8634777367522 hand -0.4935412492916938 -0.573713857055708 0.0 131.84336416909255 35.943071743304124 1060.8212054166313
54 aruco 2.2942511439768545 -0.7823487570265605 1.2684790881372257 8.597080593119195 -14.923188289278805 1188.9157097394266 hand -0.4738043262674269 -0.6068499778729107 -3.069987404703285e-17 132.18290077765838 36.32355895058816 1063.6284045476943
55 aruco 2.321401479731293 -0.8164740171253374 1.2588471278575208 12.322087604214039 -14.610744711913904 1190.0707346224747 hand -0.43507007966186595 -0.6417369499906654 0.0 132.8054104911091 37.10859810856093 1066.6810869932021
56 aruco 2.417959013170431 -0.724778548513733 0.9718357334380482 18.681512935745847 -14.113446465979584 1186.4161720934198 hand -0.42915860456558796 -0.6227558958622109 0.0 132.85660431945746 37.45612081534812 1068.1862238372285
57 aruco 2.4199129088182803 -0.731917548930217 0.9670703114210101 22.823410167993625 -13.00257322640199 1178.2916817456032 hand -0.43218963348564415 -0.6720810039858431 3.094499932658332e-17 132.07285779862443 38.05535078972978 1066.4879877177518
58 aruco 2.3261313010123477 -0.793790830811748 1.2415652382579623 22.588971893752586 -11.849557495674146 1171.661843926713 hand -0.39727433240269605 -0.6043475476444296 1.516574433257778e-17 130.09078283610017 38.197348954148275 1056.7861250383448
59 aruco 2.330032865664557 -0.8088309319186181 1.2463021933730372 25.56591892418436 -10.533461919034227 1171.1630371810413 hand -0.4029386021271059 -0.6516909441990647 3.06695256083482e-17 128.21816965514265 38.784501141135884 1052.7015102267317
60 aruco 2.1985375203499324 -0.8612581519739034 1.5147058393615842 25.20666851532513 -9.384060796991601 1173.258960873208 hand -0.37076352477062785 -0.548201187685219 1.4945112403239653e-17 126.30317846434173 38.89766622913873 1046.4814345203256
62 aruco 2.3543390718088917 -0.8031240506374956 1.203417484357559 32.18666781742902 -8.121033600682257 1173.0503552880768 hand -0.4022591727223585 -0.5646830843066427 0.0 123.5379712355495 39.12440226518458 1040.5457066468455
63 aruco 2.3717585270609214 -0.7917093028525773 1.1739660807832397 35.61837538632114 -6.551666515506248 1167.5177182960535 hand -0.3681703366347656 -0.4680803869244275 0.0 121.46915792036528 39.39732348511984 1040.2747768800011
64 aruco 2.373693441393604 -0.7867465683772001 1.2142132644211272 38.83436625217235 -4.198657759788855 1160.7775798069179 hand -0.41108491281185383 -0.5227864075076639 -1.4956171392579345e-17 120.61391219394947 40.199806259190694 1048.6184034959667
65 aruco 2.377328605688334 -0.7549602543808024 1.1839197831119495 41.045828622745425 -2.436596552523266 1156.9614529587595 hand -0.4799060854076043 -0.60791729865449 0.0 119.73780861017015 40.68170423910876 1047.712783616361
66 aruco 2.1917323055021276 -0.8096775137974467 1.5589674463691718 39.583065670071846 -0.8877988779990517 1168.0381049311047 hand -0.5241151056894351 -0.7190785282068607 0.0 116.64179498707874 40.45949142361965 1034.4295599735044
67 aruco 2.360557514818758 -0.7394895456579532 1.1630514095257283 45.43136325814395 -0.5543708112803424 1166.5923171961492 hand -0.4959497769955083 -0.7091569990535634 0.0 113.39578838140467 40.32802512729382 1027.980815848215
68 aruco 2.355717250017511 -0.7470001120146618 1.1380723646692084 47.90862633080463 -0.26674524864689503 1159.993647871639 hand -0.4272389825829657 -0.5383202545330817 0.0 113.01052233861579 40.86837174381128 1051.657570923159
69 aruco 2.357528530221092 -0.7943016715555017 1.1644062383069242 48.801407831435064 -0.07627570338196066 1140.0122593177766 hand -0.49828572983644664 -0.5272350720979941 0.0 114.27483552521717 41.217320564966364 1072.2672843054268
70 aruco 2.355249701593094 -0.794764895265198 1.1363489135408635 49.30574581873995 -0.01988042376419421 1130.9979475620523 hand -0.5132099269931952 -0.5786374928036367 0.0 114.45156941600516 41.044074820517004 1071.666652687111
71 aruco 2.142438167177611 -0.879396390459781 1.6126702752738533 46.45506583053035 1.2107513040509936 1134.3172554297764 hand -0.48379136162470326 -0.590646530592011 0.0 112.9956375297635 40.30340766829113 1053.36203467757
72 aruco 2.3599304258859104 -0.7535172811638517 1.1071620351949625 54.11830682110884 2.748385875559124 1137.887637374357 hand -0.421886433739273 -0.5759547528336599 0.0 111.22752556547862 40.14968549005517 1041.4450087590285
73 aruco 2.3753147370966055 -0.7304677539950148 1.0773215913047527 58.6956179363479 5.366521086560403 1141.6795973152732 hand -0.4644833548242522 -0.6148547779820441 0.0 109.94646291796762 40.27043505503088 1041.5201528629423
74 aruco 2.4943661612975387 -0.620340912689211 0.6128845866997478 66.49413066556288 7.072819763072528 1139.4859899319872 hand -0.5117488284174057 -0.8243032082541222 -3.2641039950317974e-17 108.27449105211092 40.475512389647974 1034.7791833988078
75 aruco 2.500270321031435 -0.607883996392482 0.5992946729384349 69.17786409160843 8.352171712897588 1140.0981757144325 hand -0.4645812654800858 -0.8728994345671379 3.2853856260945355e-17 106.82830775200449 40.581440170996025 1031.0907686387711
76 aruco 2.49067902377164 -0.5993210023159521 0.5903651328651676 72.0636005396921 9.50098419975249 1145.687602010932 hand -0.5257376511270117 -0.6515288165246425 3.12840720751956e-17 106.44777490195209 40.67383840940999 1042.1351282587648
79 aruco 2.5046323958801646 -0.5814765860405801 0.5495825000242807 76.46136853959328 11.82285213863299 1149.8847484107448 hand -0.2569001906718896 -0.063062978243116 2.6326814622096465e-18 105.83793932280695 40.45675337636741 1046.6861466539278
80 aruco 2.5088313727672986 -0.5662966921039242 0.5207879050982628 80.8447142208585 14.24822855307307 1156.5678744043364 hand 0.2179227506829574 0.7551201325988625 -4.6249849644051904e-17 105.85889360510346 41.19982140642772 1056.5696252544187
83 aruco 2.537650776475095 -0.5235045770228053 0.4731720322148224 88.42991383460749 19.1295931172579 1152.9004987051328 hand 0.26047181483861875 0.7216867465750054 -3.8347667474458987e-17 106.73887256940888 42.870216301866016 1066.76347074608
84 aruco 2.545843588375502 -0.47884501217476644 0.4375130823871015 94.77118819843987 22.568406732155918 1148.3315676433092 hand 0.15562689152444378 0.06547731946114195 -1.5251188161620723e-17 108.51036356076854 44.736338712614724 1086.46762285191
85 aruco 2.5549567110499027 -0.43111056658073615 0.4024323147493368 101.71418270724979 25.123205847659946 1142.5435101621026 hand 0.30827806870895175 -0.05592195970090013 2.3806341959912326e-17 107.31582360242659 44.85215586441214 1073.378956728543
86 aruco 2.5563288836112874 -0.4180976996076173 0.39915711891066297 104.05099446492848 24.53163055992606 1140.3339529701968 hand 0.8581161191539654 0.4881236865563683 0.0 104.25970994504472 43.68816602519138 1034.1874643787942
87 aruco 2.5520875305619404 -0.41490241454577204 0.4031663363518477 106.63778238971965 24.203147970460616 1145.647337134075 hand 0.6742338863141869 0.5370177122813308 0.0 101.99318239321583 44.30705773335552 1027.5027318238406
89 aruco 2.463975932247749 -0.5669789241851853 1.0117944771430682 100.01375489848901 24.385192573427048 1136.7068415020751 hand 0.558830705012331 0.8621223781884243 -3.3314803262574344e-17 103.72807622825265 48.502300681076555 1075.2962013318268
90 aruco 2.4422649882434864 -0.5049505799783423 1.014940013127766 101.54435228642997 24.89961828962912 1139.2795938735924 hand 0.6202014121448517 1.1911877295171294 0.0 103.472864042904 51.95471360659034 1108.2088126918425
93 aruco 2.4129838012186973 -0.3379168466038303 1.0955189427705403 112.15196091591018 15.789683126304597 1128.5409402328303 hand 0.649882892436493 1.750440126253434 0.0 106.53189945371169 49.01408157637632 1136.6032297663144
94 aruco 2.4894370514960933 -0.07472821124218774 0.5575858030717831 129.93254950741618 6.499363698637837 1124.6686899541069 hand -0.004271175494855407 -2.3570420917788755 1.5625976737287767e-16 109.97449548025655 43.84974780444724 1144.9409589268753
95 aruco 2.4880031634684223 0.016962515510864962 0.6037848669399224 140.5722844320004 -3.447557036888137 1113.7237432135025 hand -0.12678124812433486 -1.905646156480912 5.620940740404115e-17 119.0938334087935 40.27329779258282 1210.6107259068463
96 aruco 2.4958054305813415 0.023222995273461156 0.5904324464953619 142.19581413655283 -3.9565954920800053 1107.8268469013603 hand -0.5614202165719129 -1.593767111757066 -9.446815721273725e-17 124.39796064276045 41.336718261429404 1239.1132582658945
