35 -0.9181689906476735 -2.3263351328590427 -0.8608007947843366 0.6898364510983708 -0.059099333190087255 0.23137573206956777 -0.6834458355727714
36 -1.3601237718987345 1.7244733972515374 2.316677427331113 0.5031755945654822 -0.12298092086182771 0.15054002190608803 -0.8420378352201074
39 1.6168640942720538 1.7695308191693677 1.7302847868769087 0.17996644037958867 0.01376169932087912 -0.07238049347231834 0.9809096595169228
40 -0.676778467074131 2.0886000517438643 1.9805142987087163 0.9855416253673025 0.0531110353363021 0.15993875824943696 0.017507604162469416
42 -1.5435871188981698 -1.5129442653035898 2.0899057931045606 0.4929703376456266 0.0338769698602791 0.14216686756147828 0.8576836123433861
43 2.785729419837538 0.6758319691822948 1.1766045069276834 0.08605254877180649 -0.0088849162845961 -0.034521259129994 0.995652700383307
44 -1.2138274422190538 -2.2428651618368085 1.8153275353621146 0.6568523557802344 -0.1205143835463086 -0.010603845093332911 -0.7442505119471844
45 0.2468689108671296 2.6162909591654957 1.5776996751047418 0.16227789995090738 0.09525132199205821 -0.03993522348314802 0.981324740731446
46 2.5521789782212654 0.45428230729872865 1.5347669071139687 0.6199127026621355 0.012099571383192096 0.030218890822499032 -0.7839953189196525
47 2.3544274862083663 -0.33343754137171666 1.7582219395113041 0.7181393533447323 -0.006335613811132953 -0.008040981072042375 0.6958240235854499
48 1.7054508729040174 -1.6064644884406316 1.9018163704824853 0.009075152157348481 -0.008769055532234104 0.032773724959353864 0.9993831238472471
49 -0.6422441670615004 2.2315791815276262 2.1019156213441694 0.6330211882920603 0.09984435288858737 0.05529831125867178 0.7656744589846954
50 2.205495323703718 -1.4340567126147468 1.8710695810637317 0.23900332303114383 -0.017314923416299633 0.015159599754497717 0.9707459974382804
51 1.1640271110855178 -2.3854119959836786 1.7975969104796337 0.5307757619186876 -0.04207205361413001 -0.03889958482072478 -0.8455730927395347
52 0.621216052607695 -2.5570010157722827 1.6128604650429514 0.5574574416199829 -0.061831652354930315 -0.039560018151243645 -0.826954081260523
53 0.28200205062773365 -2.5389430143607417 1.6604997657897287 0.4085936264669225 -0.0019262222691791356 0.07231147833742962 0.9098453649818931
54 -0.6737592819850322 2.5045965098724325 1.6046852830225005 0.1822129226607913 -0.1047151466182359 0.051213012682880935 -0.9763249542114946
55 1.086536666145088 -2.3771379829131423 1.5433786557430627 0.7034953955727855 -0.030339829372245976 0.04511177477354969 0.708617422124473
56 -2.2616556865465203 -1.1166901433571772 1.642823399792157 0.18437430535961213 0.09081535381687952 0.07350691895676383 0.9758869913569702
57 1.7955078022781552 -2.116017358115205 1.1712884287282685 0.194267819061124 0.010432718369639295 0.03695756095340422 0.9801965678133289
58 -1.9922748292469499 1.381642591308253 1.7652807134097994 0.9808069524353376 -0.04145047889774981 0.1046143324725858 -0.1592338572507994
59 2.3106682667641456 1.4752149064215105 1.2375978012065214 0.16896604872839271 -0.04145762292751251 0.0385262168853321 -0.9839956658902613
60 2.143983208989922 1.4653234588906927 1.4999364865010865 0.9529263081540095 0.011439528796864048 0.03951727006661506 -0.30039802558498574
62 2.3195176603980974 1.5197156200015645 1.1892030420662563 0.9334207871491689 0.003778095424467 0.03466991605595144 -0.3570845236543624
63 1.4223268377830172 2.3369775788573373 1.2270551636366587 0.9522521003948007 0.048482107067163216 0.03598712708978351 0.2992830587785456
64 1.9287153095339913 -1.9196974525656312 1.376153423661755 0.6692533928278485 -0.043451274757358604 -0.023528644728584756 -0.7413894292391888
65 2.8171621145780437 0.5492533223337546 1.1614629446375695 0.6046633728496811 0.03901372154541929 -0.005172509211258107 0.7955082527627753
66 1.1693671909289465 2.4022927613869633 1.635843726421176 0.803847166193206 0.06586523427132418 0.021687173780295825 0.5907801374546703
67 -0.17449448699957293 2.7486727263636475 1.3883776395933325 0.9639904020671174 0.037631087113031675 0.054873601982610085 0.25747872496698254
68 -2.4727189452219376 -0.25253968419269945 1.7045486524474716 0.5592078284230554 0.05887096802590191 0.071491357134597 0.8238384548011324
69 0.43562867411655126 2.772867131377243 1.3054796338193349 0.8980890843653707 -0.029858795873279845 0.05139313066840704 -0.43577883722464966
70 -1.15791832810168 2.466395630334971 1.4636182180952937 0.06018822162561936 -0.1081448919116277 0.00027583006924514816 -0.9923114351093313
71 0.2647763519670364 2.533877328249575 1.7579882266672184 0.9869007643486213 -0.0025030682615923717 0.056104087513118 -0.15123804859130346
72 1.4118810787724707 2.3809202863159062 1.1548383755974885 0.034088794929280894 0.08186476261144628 -0.012654995713226416 0.9959799023004124
73 1.2394124382395622 2.5285369253287553 1.14402762177204 0.9064534935379907 0.04845946001116891 0.02606819279020592 0.41870537865287893
74 -0.7198910513402488 2.850808125752789 0.8992248719631879 0.9876933067905445 -0.012908122954464162 0.042906159313988626 -0.1498478347386924
75 2.4794955316737943 -1.5966585759850955 0.7228523484544475 0.5436440288320851 -0.05555969045154143 -0.023177197282818356 -0.8371541723232713
76 1.780766621314979 2.426859589739465 0.6238982085837566 0.9028696269757718 -0.027190355145303782 0.018965617343209232 -0.4286343740654661
79 -2.22791087975602 1.5104013549192559 0.9756826731034189 0.9106298274012676 -0.06213785936724227 0.022000445970063908 -0.40793159262002837
80 0.6598602346434064 -2.5092914077480253 0.7305243891773155 0.28097264928334276 0.05800952063304277 0.024597819414341977 0.9576451394700877
83 1.5216750216995332 2.1150106669927276 0.41372966366463904 0.6151135872765945 0.07822678259762528 0.025954077228184 0.7841187608439023
84 2.382497639618733 0.6097953045866673 0.39076212661697013 0.01138423116551846 0.08821718088288912 0.016874513470861566 0.995893256866903
85 1.4938972243150135 1.7223288438346227 0.390048224604485 0.7516210507615517 -0.06599885350279622 -0.006154417494589191 -0.6562561013306615
86 -0.982376015079537 1.606922155382247 0.5632306376804619 0.6106087607289566 -0.0931848549873583 -0.022238678299544033 -0.7861163815298102
87 -1.8425359849911316 0.8468811271802159 0.6948977135371757 0.5279292624218488 -0.09465109690233023 -0.03383003021945212 -0.8433192709699329
89 0.6103684141877085 -2.2244477843804926 1.1725695658713615 0.14585576767345776 -0.08113678970415297 -0.02713640184286098 -0.985599579995808
90 -2.2732981136835058 -0.5088856979479146 1.3416613221220814 0.7002784579079128 -0.0724405344419386 -0.03550502925036365 -0.7092967244093356
93 2.8011473707645846 0.023072555586237442 0.9071727944755882 0.4783928515110362 -0.09950710207121724 -0.014060979632569831 -0.872376584458971
94 3.019451501296889 -1.4822968200293585 0.6512665100301064 0.999669590006271 -0.002886097451722027 -0.02165643187390742 -0.013541795179510102
95 -2.360436807002923 2.034553895908208 1.0894981941530262 0.9874643557250725 -0.054425887517996145 -0.004575136977236903 -0.14809131325633354
96 0.4495596954230223 -3.3276337578070394 1.0171753987758925 0.1488942385244746 0.08865106873424489 0.0034776403111737523 0.9848651683171454
