41 -1.8594772767669543 -0.08634270627151014 2.220359244544771 0.7108013609747618 0.03980450685103004 0.29305802543985326 0.6381959105134307
44 -1.9968136850268585 -0.031200990620815494 2.337895466549644 0.16671729097700397 -0.1646507021077928 -0.05853743557846677 -0.9703962385647406
45 -1.664406335824331 1.3530457056262837 2.2071876558339123 0.8987371120025656 -0.05715210367017201 0.28168596046656136 -0.33114688618707033
46 2.5103465951354025 -0.22605266531133467 1.4426248167740197 0.6488767413311263 0.11063676350257937 0.011278988736762627 -0.7527225687690311
47 -1.4698118716392545 1.3182294867649416 2.0926888140146214 0.5248464821681734 -0.13800543302812393 0.15879876773552015 -0.8247870161296754
48 -1.4558740515764113 1.316986954334625 2.106495340552807 0.9401828643828393 0.04488656366222866 0.29066179264966485 0.1719217851732571
49 -1.0750677254328767 1.687805937624978 2.033368826106924 0.9540981417491087 0.0747474695978993 0.2718916459246939 0.10091820735610375
50 1.1584643511839996 -1.860619126747291 1.8215288250970674 0.7953783304742947 -0.05747300173525458 -0.048436171670574374 -0.6014350361904114
51 -0.7602163155200519 -1.8412191017858337 2.1115963079865545 0.8120652292576138 -0.08746061188001589 0.24628514748435107 0.5217703814217168
52 -1.767026063291215 -1.108222633044502 2.2588988392369096 0.3114998586843714 -0.162520167463612 -0.05889229691768516 -0.9343911015045977
53 -0.021667862335108423 -2.550518737223798 1.91242402643374 0.37356937469425816 -0.057858408860643126 -0.11668950612758577 -0.9184126991578219
54 -0.9577512947057534 -2.269361244202862 2.075411818055441 0.6109468638726984 -0.1376657309681807 -0.03804916051650618 -0.7786811526068294
55 2.769781059373928 1.1748233186231039 1.355829415691719 0.761164208153053 0.10195941180879982 0.07300937001261654 -0.6363198554663371
56 -2.139028394244537 0.7292214301304468 2.2879263104279 0.2698822419954833 -0.17769343493552486 0.04373057229629557 -0.9453445169264717
57 2.1287073060742876 -1.7703456012939633 1.6407871642460183 0.020440683068999384 -0.07596140436027224 0.0947814258102539 0.9923852703686524
58 -1.513174804260462 1.8955196047121665 2.0442006001312616 0.7439299805821021 -0.061088955682026144 0.21425995149783297 -0.6300230128090074
59 -0.03680877924259918 2.6515244667226368 1.7794670852935306 0.11049192273820356 0.10441529928030403 -0.07622691383975796 0.9854331219784959
60 1.6507116212087651 2.1766451428121156 1.5087291037843746 0.8895698154667957 0.09446474719795997 0.031207909431089156 0.44583407377200024
61 2.735569481461933 -0.5419181356070709 1.40601519419272 0.9580281529853213 0.004912496865706334 -0.00968253851464998 -0.28646845185812475
62 -0.9380260342751103 -2.219623851546317 2.029077273537317 0.7268373724113484 -0.15464711899947176 0.016353239936215472 -0.6689725511520773
63 1.0643405616793875 2.7065514744939527 1.3718604556537926 0.9730772196433938 0.11265536922378475 0.09820950823155974 0.17545479443164436
65 0.6390066698048532 2.5391954277440463 1.5687647182886193 0.9736900194339312 0.11280184169339921 0.11959386129693422 0.15779986978897556
66 -1.8474595325347547 -0.0769827159651687 2.225891768617379 0.9160224441566334 -0.107466623990919 0.19443164628604676 -0.3339912296031131
67 0.9480233018981318 2.2051691359949985 1.6252779556548258 0.9100017332166983 0.1122672643120359 0.07245243887434352 0.3924838226063031
68 -1.7519363441106846 0.8872878448625607 2.1765162636907256 0.4539675735350779 0.14265811246529697 0.12339213036037594 0.8708251760782072
70 2.439463854161823 0.05449093458225296 1.6002323474520679 0.9998868556873756 0.010425281665586117 0.0018895877938070274 -0.010677957846716464
71 1.8136195796860872 1.635838943826832 1.607891379273222 0.9698432580331265 0.07474244275448119 0.05982183927216293 -0.22414051317171335
74 -2.2149600251011003 0.08885764516211592 2.0983820237528406 0.8596891294652399 -0.1192299334199742 0.15295736953048725 -0.4725704886705056
75 -1.6647581164676086 1.6588251844201465 1.9391881751505124 0.7500686967101415 -0.08567214693414163 0.1563394703891369 -0.6368792691348094
76 -2.193883206699887 -0.5920186146936126 2.045136248873557 0.5452306093874426 0.08360959181839094 0.17499432195982106 0.8155427677472118
77 -1.8440210325275146 1.7282298619249423 1.765292687731212 0.11650331139491886 -0.15484510330009027 0.026674303623371802 -0.9806826469068426
78 1.0367743431461414 -2.9251234524180023 0.9554339207288088 0.3021919132853029 -0.03437857260993839 -0.09279892567939593 -0.9480962612957723
81 2.275539330712497 -2.2548471355852913 0.5737644765636434 0.9123932635801622 -0.04590023166451232 -0.02247288282619914 -0.40611164824979445
82 -2.420036702106024 -1.8660722061375306 1.1696762548297064 0.5898803018324387 -0.15230912606351243 -0.0003138013715388577 -0.7929962554492547
83 2.2605301036280805 2.4073827316431675 0.10883149650556624 0.08409088004178372 -0.01442309005744306 0.06144036875438543 -0.9944575302416482
84 -1.7455863646872203 -2.646938022419758 0.8908013651311293 0.9255617978246331 -0.1362239552333609 0.07384724164765072 -0.3454344761734787
85 3.2195450401361567 0.588044117864047 -0.14641264295477951 0.7163333239644443 -0.0007442457347068487 -0.004499606190428662 0.6977433400760396
86 -2.247320505028209 -2.15737117118444 0.7672888712216321 0.33835734600412115 0.06461197129461863 0.15851730947905204 0.9253171684163184
87 2.402682872066437 -2.0880962495514925 -0.01221890137512001 0.6766145892143006 -0.06144297853677065 0.05294005318823865 0.7318570959000942
88 0.5913781135054283 -3.103314944668893 0.27937722022414974 0.9927910506121714 -0.1057219107923678 0.04389929371348792 -0.035519845357888755
89 -2.207412723449383 2.160544851459439 0.42145624612327354 0.9009197402054198 0.0792948233983275 0.15992095251255273 0.39557709948618736
90 -2.391079208566035 -1.8008897976182636 0.5352609138323623 0.9217709058000321 -0.13697006266606881 0.09865090756964828 -0.3490638875471454
91 2.5519092680268423 -1.3289437098540646 -0.36714326247162915 0.4196060945126914 -0.04270276617577841 0.02802703796875476 0.9062679980841435
92 2.488858861424452 1.3374396883576571 -0.5016089742426966 0.9935214064319616 0.05050661678499629 0.038347864849616754 -0.09430661633133602
93 -2.058567611176994 1.8766264603188998 0.18365977136474623 0.36098071832297085 -0.14277580422352054 0.0702028745395154 -0.9189012717010179
94 1.328755378691676 -2.4429884593513527 -0.12772705831947778 0.48594385753778 -0.031081469319610165 -0.05881219660509776 -0.8714548956295554
95 -0.7129280245448862 -2.602204532238939 0.16626232110087322 0.20711437443665784 0.02557709420656427 0.11911106856006334 0.9707018087446526
96 -1.1449235497594896 2.376210327191068 0.00269831339624374 0.0706862752576048 0.14320529785338168 -0.018622314987253256 0.9869898188641288
97 -1.3255160472618033 -2.2327191244359508 0.22145255025924585 0.5655260036619325 -0.12274181776698527 -0.04014270471365714 -0.8145571487696196
98 -2.2987884355082735 1.2761704609581366 0.22030620945408164 0.7583913307877045 -0.12107427933930769 0.11005286775802388 -0.6309294529238247
99 -1.5642336108910437 2.137219544705466 0.07160528470537611 0.9362858595660374 0.05666875318071057 0.13841284991586245 0.3178039089876011
100 -1.6699979588329499 -1.9673126444936182 0.24788061743337053 0.14009226724675505 0.07879575326094677 0.10736086526879443 0.9811416974802568
101 2.2347465760355116 1.0820977650198347 -0.5064920291096195 0.9565710341765916 0.0515158364888187 0.016385754359255447 0.28644280793774785
102 -2.4334118101716076 -0.6658255196396298 0.2856261048295498 0.5447316644311019 -0.1577483079533987 0.0028645381191377828 -0.8236350402486075
103 2.496284515992172 -0.516891111642478 -0.5023960091328121 0.49411817834797667 0.023907001049725998 -0.010627258891478293 0.8690010025859227
104 1.6229339158572518 1.9850723607230458 -0.4936291404409491 0.5695987812636311 -0.04239550406580823 0.0811161612297116 -0.8168108826438026
105 2.39141814513624 0.2812902174323957 -0.683115154681718 0.7503198861838695 0.04142267500524277 -0.008830807376987396 0.6597167932025877
106 1.9539073428531595 -1.1207916013814447 -0.656893598424261 0.7499266687905899 0.0034561011115580554 0.00734926586256731 0.6614711143300489
107 2.3010522083458262 -0.13760892674464487 -0.7519798743043697 0.87653257261798 -0.012678270711421998 0.00825894333964634 -0.4811046668308114
108 -1.6916004789630557 -1.900697654892609 0.04984326076930095 0.8629905817586856 -0.017940184353608297 0.09463632448693304 0.4959529934063995
109 2.2401016839803085 1.3190467116272049 -0.5860777702347993 0.7196051028065963 -0.023866770416812146 0.04526503019845686 -0.6924954514837712
110 0.5353187713161721 2.4923575287823234 -0.38744920599513466 0.43977451769487375 0.11526127180540931 -0.0006829178778797601 0.8906810576357919
111 -0.8887288876717541 -2.392065552571869 -0.04382156749702511 0.4980680650020667 0.027155681952561954 0.06664089657167567 0.8641468408013256
112 -2.1354755269462613 -1.3231065585518071 -0.05949125602243917 0.31606000360488107 -0.12268992067945003 -0.04056213463833505 -0.9398978512149787
113 2.3726216856142828 0.4444016328257083 -0.6896526822853098 0.9934625436700997 0.00959454216483065 0.0174272354892993 -0.11241179007730058
114 2.327628301342003 -0.10254468018261143 -0.6164541941554126 0.5028432632278548 0.06298484126610492 -0.010568852099686877 0.8620150008917136
115 1.7651500269333018 -1.465450036977328 -0.5897479031200907 0.4431110967692177 0.048123786066315476 0.007374401365139404 0.8951437177007557
116 -1.4298619299102704 1.7499446809973298 -0.23831508078966362 0.9257982080420248 0.04149100375268369 0.07691418308059252 0.3677776271537129
117 2.125499346638736 0.3224828570183985 -0.6858150194256465 0.4960001857194543 -0.06722908765064864 0.0195593318216681 -0.8654949439936769
118 1.7657607463124672 -0.8633623650517027 -0.3149630294881137 0.5281594668195737 0.05814584452813529 -0.0028459586103224688 0.8471472946852642
120 -0.19657285296556215 1.7143735903958879 -0.39850469989705156 0.6962588312776943 -0.10408156021878784 0.05720776798236812 -0.7078968427480926
121 1.0138912570914276 -1.1625184255482077 -0.6836623283870141 0.15747086883723613 0.06427433385603644 0.008543521354681328 0.9853926850336727
122 0.04313884910030008 -1.7006511619014988 -0.7249547008956304 0.7535856221385522 0.012634753569060672 0.029658456112822557 0.6565587933226575
123 -1.6208587602714288 -1.2598497566641766 -0.40213786624185827 0.9590090342656408 -0.02919477510613272 0.05788869516476298 0.27585908771600487
124 -2.0209998343146185 0.33763515705142044 -0.358984056927079 0.5859457626153466 0.09148118060056762 0.06601462722591861 0.8024592362614249
125 -1.3498449650366968 -1.6948429287236437 -0.2711234372157715 0.21867645623194584 0.08518081013636909 0.06345519512428785 0.9699991109718029
126 -1.3631235761874052 1.4834403895031025 -0.30187647737569956 0.860981309369282 0.06032012493877305 0.0709437653003963 0.5000396480371629
127 -2.0169816799298275 -0.9712074610773885 -0.1093495288699723 0.03080876309117121 -0.11802329985553164 -0.05421578737976842 -0.991050941781902
128 2.0907221625996506 -0.11350754806205166 -0.7536815645280284 0.8891226529703814 -0.025540678298193963 0.005527211484659682 -0.4569223475167121
129 1.8020008607037572 -1.4707920119011848 -0.7164240378272466 0.9523833463179202 -0.004792861145961927 -0.0006672939933587894 0.3048647976678226
130 -1.7924753218201837 1.3646862270984892 -0.22527372143072477 0.08309584024510885 -0.14982834415944393 -0.006641520389092531 -0.9851915746834825
131 1.6625549410710685 0.9872631598168954 -0.5867484054084806 0.09299306768412542 0.08863670894310231 -0.01826991410308037 0.9915452755316307
132 -1.560244410944835 0.7603313265640574 -0.02943669088350301 0.4345334487413627 0.125199879836319 0.06053912234613031 0.8898543064341876
133 0.9929053943143958 1.265900992036182 -0.4079193088584916 0.6345967093912844 -0.06845990048754894 0.04244640991378819 -0.7686342177787943
134 1.5210395541549393 0.6782507543938099 -0.41275681587265634 0.5559206358861903 -0.06206130123896922 0.025433952032733152 -0.8285250482444187
135 1.427602406673635 0.9732341902123733 -0.3589070585817594 0.8007617719573068 0.07886381416556779 0.009965577513056226 0.5936849085599906
136 -1.5612056100627998 1.2492335701050294 -0.1465643966859974 0.2891789645341936 -0.15196792474362186 0.003769830633162663 -0.9451280678813034
137 0.9989322581520983 1.7754043089270903 -0.8423639634365613 0.1662807692794005 0.11949730966712384 -0.018393120469851653 0.9786382333986098
138 1.94437239912599 0.5505727568418837 -1.2138160537889005 0.2881685306292782 -0.07362113174430963 0.023642242863176486 -0.9544526553308175
139 1.6533463456611983 -1.0448269067267526 -1.1415065522800356 0.6248151889936215 0.040707014503468045 0.006138634409845904 0.779686626626789
140 -0.016648638698150364 1.8903849060422706 -1.0182862884748802 0.6294134720438588 0.11318758845536198 0.022232008934504326 0.7684614426294207
141 1.0753619986529983 -1.4567928725236348 -0.7844626375222101 0.2163622697510787 0.056962469722233955 0.026871176740568815 0.9742795210471594
142 -1.9601221499167756 -0.2864223862972308 -0.36699128740678705 0.8471513808052836 -0.11656031827145588 0.03183198829217224 -0.5174311110916362
143 -1.8729425710615049 0.6605495463068062 -0.09397571869700543 0.9642258253574134 -0.07157538895463539 0.07036247325980582 -0.24534596749604531
144 -1.9386388127720695 -0.34376279223466844 -0.02749651531651455 0.6403781592027489 0.06743790826448637 0.09317953851881382 0.7593981270364252
145 0.1354703220075713 1.9456575161450018 -0.16454634957136155 0.17236094478970823 0.14095005491944687 0.014187012839620088 0.9747940887162233
